>CAAGGAGAACAA	1-CAAGGAGAACAA	12.355432	-104.122064	0	T:27.0(2.15%),B:7.9(0.02%),P:1e-45	Tpos:102.1,Tstd:64.0,Bpos:86.1,Bstd:29.5,StrandBias:0.1,Multiplicity:1.00
0.100	0.700	0.100	0.100
0.700	0.100	0.100	0.100
0.700	0.100	0.100	0.100
0.100	0.100	0.700	0.100
0.100	0.100	0.700	0.100
0.700	0.100	0.100	0.100
0.100	0.100	0.700	0.100
0.700	0.100	0.100	0.100
0.700	0.100	0.100	0.100
0.100	0.700	0.100	0.100
0.700	0.100	0.100	0.100
0.700	0.100	0.100	0.100
>TCTAGTGAATCC	2-TCTAGTGAATCC	12.355432	-104.122064	0	T:27.0(2.15%),B:7.9(0.02%),P:1e-45	Tpos:103.2,Tstd:38.9,Bpos:102.2,Bstd:40.0,StrandBias:0.1,Multiplicity:1.00
0.100	0.100	0.100	0.700
0.100	0.700	0.100	0.100
0.100	0.100	0.100	0.700
0.700	0.100	0.100	0.100
0.100	0.100	0.700	0.100
0.100	0.100	0.100	0.700
0.100	0.100	0.700	0.100
0.700	0.100	0.100	0.100
0.700	0.100	0.100	0.100
0.100	0.100	0.100	0.700
0.100	0.700	0.100	0.100
0.100	0.700	0.100	0.100
>CTTCTGACTTGA	3-CTTCTGACTTGA	15.538320	-103.334694	0	T:26.0(2.07%),B:6.6(0.02%),P:1e-44	Tpos:105.2,Tstd:79.2,Bpos:93.0,Bstd:29.4,StrandBias:0.0,Multiplicity:1.00
0.397	0.587	0.001	0.015
0.001	0.001	0.001	0.997
0.001	0.001	0.001	0.997
0.001	0.586	0.001	0.412
0.001	0.001	0.001	0.997
0.001	0.001	0.997	0.001
0.997	0.001	0.001	0.001
0.001	0.997	0.001	0.001
0.001	0.001	0.001	0.997
0.001	0.001	0.001	0.997
0.001	0.001	0.997	0.001
0.997	0.001	0.001	0.001
>TCCAATTATAAG	4-TCCAATTATAAG	12.355432	-102.981867	0	T:25.0(1.99%),B:5.7(0.02%),P:1e-44	Tpos:101.3,Tstd:89.3,Bpos:111.9,Bstd:28.0,StrandBias:0.1,Multiplicity:1.00
0.100	0.100	0.100	0.700
0.100	0.700	0.100	0.100
0.100	0.700	0.100	0.100
0.700	0.100	0.100	0.100
0.700	0.100	0.100	0.100
0.100	0.100	0.100	0.700
0.100	0.100	0.100	0.700
0.700	0.100	0.100	0.100
0.100	0.100	0.100	0.700
0.700	0.100	0.100	0.100
0.700	0.100	0.100	0.100
0.100	0.100	0.700	0.100
>TAARTAYTTACT	5-TAARTAYTTACT	15.272508	-99.031114	0	T:28.0(2.23%),B:10.1(0.03%),P:1e-43	Tpos:99.5,Tstd:52.3,Bpos:103.3,Bstd:51.5,StrandBias:0.2,Multiplicity:1.00
0.001	0.001	0.001	0.997
0.982	0.001	0.016	0.001
0.997	0.001	0.001	0.001
0.496	0.001	0.502	0.001
0.001	0.001	0.001	0.997
0.997	0.001	0.001	0.001
0.001	0.548	0.001	0.450
0.001	0.001	0.001	0.997
0.001	0.001	0.001	0.997
0.997	0.001	0.001	0.001
0.001	0.997	0.001	0.001
0.016	0.001	0.001	0.982
>AACAATTCAATT	6-AACAATTCAATT	12.355432	-97.400013	0	T:27.0(2.15%),B:9.4(0.03%),P:1e-42	Tpos:98.7,Tstd:23.3,Bpos:95.4,Bstd:39.4,StrandBias:0.1,Multiplicity:1.00
0.700	0.100	0.100	0.100
0.700	0.100	0.100	0.100
0.100	0.700	0.100	0.100
0.700	0.100	0.100	0.100
0.700	0.100	0.100	0.100
0.100	0.100	0.100	0.700
0.100	0.100	0.100	0.700
0.100	0.700	0.100	0.100
0.700	0.100	0.100	0.100
0.700	0.100	0.100	0.100
0.100	0.100	0.100	0.700
0.100	0.100	0.100	0.700
>GGCAWCGAACKA	7-GGCAWCGAACKA	13.355805	-90.071476	0	T:29.0(2.31%),B:16.2(0.04%),P:1e-39	Tpos:105.0,Tstd:30.4,Bpos:107.7,Bstd:52.6,StrandBias:-0.1,Multiplicity:1.00
0.001	0.001	0.997	0.001
0.001	0.001	0.997	0.001
0.001	0.997	0.001	0.001
0.997	0.001	0.001	0.001
0.435	0.001	0.001	0.563
0.001	0.997	0.001	0.001
0.001	0.122	0.876	0.001
0.997	0.001	0.001	0.001
0.997	0.001	0.001	0.001
0.001	0.997	0.001	0.001
0.001	0.001	0.563	0.435
0.997	0.001	0.001	0.001
>CAGCWTCATGTS	8-CAGCWTCATGTS	13.395971	-89.736823	0	T:28.0(2.23%),B:14.3(0.04%),P:1e-38	Tpos:102.2,Tstd:20.0,Bpos:106.3,Bstd:37.7,StrandBias:0.0,Multiplicity:1.00
0.001	0.997	0.001	0.001
0.997	0.001	0.001	0.001
0.001	0.001	0.997	0.001
0.001	0.997	0.001	0.001
0.435	0.001	0.001	0.563
0.001	0.001	0.001	0.997
0.001	0.997	0.001	0.001
0.997	0.001	0.001	0.001
0.127	0.001	0.001	0.871
0.001	0.001	0.997	0.001
0.001	0.001	0.001	0.997
0.001	0.563	0.435	0.001
>CTTATTTCTACT	9-CTTATTTCTACT	13.392049	-87.235488	0	T:33.0(2.63%),B:29.7(0.08%),P:1e-37	Tpos:106.5,Tstd:49.7,Bpos:75.4,Bstd:71.2,StrandBias:-0.1,Multiplicity:1.00
0.388	0.610	0.001	0.001
0.001	0.001	0.001	0.997
0.001	0.001	0.001	0.997
0.997	0.001	0.001	0.001
0.303	0.001	0.001	0.695
0.001	0.303	0.001	0.695
0.001	0.001	0.001	0.997
0.001	0.997	0.001	0.001
0.001	0.001	0.001	0.997
0.695	0.001	0.303	0.001
0.001	0.692	0.306	0.001
0.001	0.001	0.001	0.997
>TCCAGTCCAACA	10-TCCAGTCCAACA	13.258408	-69.818064	0	T:31.0(2.47%),B:41.7(0.11%),P:1e-30	Tpos:100.4,Tstd:86.9,Bpos:90.1,Bstd:48.5,StrandBias:-0.1,Multiplicity:1.00
0.001	0.001	0.001	0.997
0.001	0.997	0.001	0.001
0.001	0.997	0.001	0.001
0.961	0.001	0.001	0.037
0.001	0.001	0.997	0.001
0.047	0.001	0.001	0.951
0.001	0.997	0.001	0.001
0.001	0.997	0.001	0.001
0.997	0.001	0.001	0.001
0.997	0.001	0.001	0.001
0.001	0.997	0.001	0.001
0.997	0.001	0.001	0.001
>CSCTACTAASGM	11-CSCTACTAASGM	11.025154	-68.405110	0	T:31.0(2.47%),B:43.1(0.12%),P:1e-29	Tpos:107.9,Tstd:57.6,Bpos:66.7,Bstd:51.1,StrandBias:-0.1,Multiplicity:1.00
0.001	0.997	0.001	0.001
0.001	0.543	0.436	0.020
0.040	0.939	0.001	0.020
0.001	0.001	0.019	0.979
0.876	0.001	0.001	0.122
0.001	0.997	0.001	0.001
0.020	0.001	0.020	0.959
0.959	0.001	0.020	0.020
0.994	0.004	0.001	0.001
0.020	0.436	0.543	0.001
0.020	0.001	0.959	0.020
0.436	0.436	0.001	0.127
>TACTRCCCATWC	12-TACTRCCCATWC	13.355805	-68.405110	0	T:31.0(2.47%),B:43.7(0.12%),P:1e-29	Tpos:107.1,Tstd:66.8,Bpos:74.7,Bstd:46.9,StrandBias:-0.3,Multiplicity:1.00
0.001	0.001	0.001	0.997
0.997	0.001	0.001	0.001
0.001	0.997	0.001	0.001
0.001	0.001	0.001	0.997
0.563	0.001	0.435	0.001
0.001	0.997	0.001	0.001
0.001	0.997	0.001	0.001
0.001	0.876	0.122	0.001
0.997	0.001	0.001	0.001
0.001	0.001	0.001	0.997
0.563	0.001	0.001	0.435
0.001	0.997	0.001	0.001
>ATTAATTAATYR	13-ATTAATTAATYR	13.986854	-67.160932	0	T:28.0(2.23%),B:32.0(0.09%),P:1e-29	Tpos:83.3,Tstd:32.6,Bpos:100.4,Bstd:58.1,StrandBias:0.2,Multiplicity:1.00
0.877	0.061	0.061	0.001
0.001	0.001	0.122	0.876
0.001	0.001	0.122	0.876
0.937	0.061	0.001	0.001
0.937	0.001	0.001	0.061
0.001	0.061	0.001	0.937
0.001	0.061	0.061	0.877
0.997	0.001	0.001	0.001
0.877	0.001	0.061	0.061
0.001	0.001	0.001	0.997
0.061	0.441	0.001	0.497
0.489	0.071	0.379	0.062
>RGCYCAGCCYAG	14-RGCYCAGCCYAG	6.493255	-54.022186	0	T:240.0(19.11%),B:3620.2(9.69%),P:1e-23	Tpos:100.1,Tstd:59.4,Bpos:103.4,Bstd:134.4,StrandBias:0.1,Multiplicity:1.40
0.414	0.054	0.310	0.222
0.053	0.179	0.675	0.093
0.050	0.528	0.094	0.328
0.175	0.423	0.098	0.304
0.078	0.567	0.018	0.337
0.714	0.001	0.015	0.270
0.055	0.001	0.943	0.001
0.129	0.636	0.147	0.088
0.052	0.858	0.089	0.001
0.092	0.387	0.001	0.520
0.905	0.001	0.056	0.038
0.057	0.039	0.755	0.149
>AGTGTGTGTGTG	15-AGTGTGTGTGTG	6.594190	-33.574978	0	T:235.0(18.71%),B:4167.3(11.16%),P:1e-14	Tpos:100.2,Tstd:58.4,Bpos:97.5,Bstd:107.0,StrandBias:-0.0,Multiplicity:1.10
0.481	0.083	0.155	0.281
0.102	0.092	0.732	0.074
0.040	0.049	0.102	0.809
0.049	0.104	0.761	0.086
0.072	0.047	0.075	0.806
0.092	0.088	0.747	0.073
0.048	0.069	0.001	0.882
0.090	0.080	0.816	0.014
0.131	0.078	0.115	0.676
0.085	0.052	0.791	0.072
0.083	0.051	0.034	0.832
0.140	0.103	0.671	0.086
>TCTCTCTCTCTC	16-TCTCTCTCTCTC	7.721804	-31.569857	0	T:154.0(12.26%),B:2391.5(6.40%),P:1e-13	Tpos:103.8,Tstd:61.8,Bpos:92.5,Bstd:93.7,StrandBias:0.0,Multiplicity:1.00
0.001	0.047	0.042	0.910
0.071	0.639	0.078	0.212
0.104	0.107	0.024	0.765
0.118	0.744	0.047	0.091
0.087	0.188	0.085	0.640
0.090	0.757	0.064	0.089
0.094	0.116	0.001	0.789
0.054	0.713	0.098	0.135
0.128	0.100	0.147	0.625
0.078	0.690	0.052	0.180
0.062	0.155	0.057	0.726
0.001	0.997	0.001	0.001
>CTGACTGACTGA	17-CTGACTGACTGA	6.899940	-31.428035	0	T:124.0(9.87%),B:1759.8(4.71%),P:1e-13	Tpos:103.1,Tstd:50.6,Bpos:97.7,Bstd:98.0,StrandBias:-0.5,Multiplicity:1.08
0.266	0.509	0.095	0.130
0.001	0.010	0.015	0.974
0.032	0.071	0.804	0.093
0.587	0.288	0.063	0.062
0.390	0.578	0.031	0.001
0.032	0.001	0.019	0.948
0.131	0.063	0.789	0.017
0.693	0.119	0.152	0.036
0.297	0.515	0.125	0.063
0.102	0.062	0.025	0.811
0.001	0.171	0.797	0.031
0.623	0.097	0.204	0.076
>CTCTCTCTCTCT	18-CTCTCTCTCTCT	5.876439	-31.203114	0	T:316.0(25.16%),B:6258.1(16.75%),P:1e-13	Tpos:98.3,Tstd:55.2,Bpos:98.6,Bstd:95.9,StrandBias:-0.1,Multiplicity:1.25
0.101	0.641	0.107	0.151
0.111	0.146	0.080	0.663
0.093	0.643	0.109	0.155
0.101	0.116	0.079	0.704
0.079	0.649	0.110	0.162
0.094	0.123	0.084	0.699
0.075	0.651	0.108	0.166
0.095	0.122	0.085	0.698
0.092	0.636	0.118	0.154
0.091	0.119	0.090	0.700
0.107	0.629	0.125	0.139
0.093	0.136	0.083	0.688
>TRGTATAGTRTA	19-TRGTATAGTRTA	6.536426	-27.177993	0	T:187.0(14.89%),B:3286.2(8.80%),P:1e-11	Tpos:103.2,Tstd:64.7,Bpos:98.7,Bstd:81.7,StrandBias:0.1,Multiplicity:1.21
0.149	0.192	0.109	0.550
0.452	0.034	0.329	0.185
0.200	0.116	0.586	0.098
0.185	0.079	0.001	0.735
0.666	0.077	0.256	0.001
0.019	0.393	0.045	0.543
0.790	0.001	0.092	0.117
0.036	0.268	0.560	0.136
0.065	0.066	0.041	0.828
0.452	0.037	0.431	0.081
0.001	0.158	0.001	0.840
0.603	0.011	0.263	0.123
>CTCATCTCATCT	20-CTCATCTCATCT	5.042650	-25.803819	0	T:437.0(34.79%),B:9751.8(26.10%),P:1e-11	Tpos:103.5,Tstd:56.8,Bpos:99.5,Bstd:91.8,StrandBias:0.1,Multiplicity:1.24
0.114	0.694	0.103	0.089
0.116	0.101	0.118	0.665
0.035	0.706	0.131	0.128
0.609	0.129	0.124	0.138
0.113	0.103	0.127	0.657
0.079	0.685	0.093	0.143
0.068	0.144	0.108	0.680
0.076	0.670	0.124	0.130
0.611	0.123	0.120	0.146
0.105	0.151	0.100	0.644
0.096	0.684	0.090	0.130
0.108	0.118	0.078	0.696
>GCCGCGCTGCTC	21-GCCGCGCTGCTC	4.707664	-19.554252	0	T:443.0(35.27%),B:10357.6(27.73%),P:1e-8	Tpos:100.2,Tstd:57.5,Bpos:97.5,Bstd:136.7,StrandBias:0.3,Multiplicity:1.34
0.132	0.133	0.623	0.112
0.060	0.728	0.117	0.095
0.046	0.609	0.052	0.293
0.019	0.360	0.598	0.023
0.298	0.620	0.053	0.029
0.023	0.118	0.615	0.244
0.056	0.874	0.058	0.012
0.072	0.137	0.117	0.674
0.023	0.388	0.560	0.029
0.250	0.550	0.127	0.073
0.092	0.174	0.144	0.590
0.137	0.666	0.108	0.089
>ATCTCATCTCAT	22-ATCTCATCTCAT	8.802587	-19.523023	0	T:48.0(3.82%),B:541.4(1.45%),P:1e-8	Tpos:104.1,Tstd:59.9,Bpos:103.3,Bstd:78.6,StrandBias:0.4,Multiplicity:1.08
0.757	0.093	0.077	0.073
0.107	0.023	0.059	0.811
0.051	0.785	0.069	0.095
0.023	0.107	0.014	0.856
0.092	0.906	0.001	0.001
0.860	0.001	0.016	0.123
0.022	0.001	0.001	0.976
0.074	0.856	0.037	0.033
0.024	0.056	0.113	0.807
0.046	0.839	0.062	0.053
0.760	0.056	0.015	0.169
0.037	0.098	0.069	0.796
>CHMAHAAAATCA	23-CHMAHAAAATCA	5.442596	-19.325927	0	T:247.0(19.67%),B:5131.9(13.74%),P:1e-8	Tpos:98.2,Tstd:48.5,Bpos:99.1,Bstd:80.0,StrandBias:-0.0,Multiplicity:1.21
0.118	0.836	0.001	0.045
0.369	0.264	0.117	0.250
0.469	0.529	0.001	0.001
0.997	0.001	0.001	0.001
0.363	0.243	0.006	0.388
0.704	0.294	0.001	0.001
0.633	0.332	0.001	0.034
0.997	0.001	0.001	0.001
0.975	0.023	0.001	0.001
0.341	0.073	0.001	0.585
0.012	0.986	0.001	0.001
0.997	0.001	0.001	0.001
>AGCTTACCTCTA	24-AGCTTACCTCTA	10.409522	-17.110167	0	T:11.0(0.88%),B:34.8(0.09%),P:1e-7	Tpos:96.7,Tstd:52.1,Bpos:71.4,Bstd:86.1,StrandBias:1.0,Multiplicity:1.00
0.700	0.100	0.100	0.100
0.100	0.100	0.700	0.100
0.100	0.700	0.100	0.100
0.100	0.100	0.100	0.700
0.100	0.100	0.100	0.700
0.700	0.100	0.100	0.100
0.100	0.700	0.100	0.100
0.100	0.700	0.100	0.100
0.100	0.100	0.100	0.700
0.100	0.700	0.100	0.100
0.100	0.100	0.100	0.700
0.700	0.100	0.100	0.100
>AATAATTATWWT	25-AATAATTATWWT	8.207501	-9.874732	0	T:49.0(3.90%),B:791.4(2.12%),P:1e-4	Tpos:129.2,Tstd:50.7,Bpos:103.3,Bstd:61.3,StrandBias:0.1,Multiplicity:1.27
0.432	0.157	0.169	0.242
0.581	0.139	0.241	0.039
0.267	0.120	0.127	0.486
0.554	0.038	0.034	0.374
0.650	0.001	0.028	0.321
0.112	0.036	0.009	0.843
0.348	0.008	0.086	0.558
0.565	0.181	0.033	0.221
0.049	0.025	0.019	0.907
0.381	0.053	0.133	0.433
0.424	0.032	0.170	0.374
0.169	0.024	0.001	0.806
