>GGAGACCRAC	1-GGAGACCRAC	10.568327	-86.382106	0	T:39.0(3.11%),B:53.6(0.14%),P:1e-37	Tpos:104.4,Tstd:64.4,Bpos:83.2,Bstd:65.7,StrandBias:-0.2,Multiplicity:1.00
0.001	0.001	0.616	0.382
0.001	0.001	0.997	0.001
0.997	0.001	0.001	0.001
0.001	0.001	0.997	0.001
0.997	0.001	0.001	0.001
0.118	0.880	0.001	0.001
0.001	0.997	0.001	0.001
0.521	0.001	0.477	0.001
0.997	0.001	0.001	0.001
0.001	0.997	0.001	0.001
>CTTATCTAGT	2-CTTATCTAGT	10.296193	-82.087200	0	T:27.0(2.15%),B:16.8(0.04%),P:1e-35	Tpos:103.0,Tstd:42.9,Bpos:119.8,Bstd:37.9,StrandBias:0.1,Multiplicity:1.00
0.100	0.700	0.100	0.100
0.100	0.100	0.100	0.700
0.100	0.100	0.100	0.700
0.700	0.100	0.100	0.100
0.100	0.100	0.100	0.700
0.100	0.700	0.100	0.100
0.100	0.100	0.100	0.700
0.700	0.100	0.100	0.100
0.100	0.100	0.700	0.100
0.100	0.100	0.100	0.700
>TCMAGTCMGA	3-TCMAGTCMGA	9.983601	-75.151154	0	T:26.0(2.07%),B:18.3(0.05%),P:1e-32	Tpos:105.2,Tstd:79.2,Bpos:108.6,Bstd:41.8,StrandBias:0.0,Multiplicity:1.00
0.001	0.001	0.019	0.979
0.094	0.805	0.042	0.059
0.465	0.435	0.042	0.059
0.520	0.190	0.130	0.160
0.001	0.169	0.829	0.001
0.092	0.039	0.076	0.793
0.012	0.891	0.075	0.022
0.485	0.396	0.078	0.041
0.342	0.022	0.581	0.055
0.657	0.114	0.145	0.084
>AGTAAATACT	4-AGTAAATACT	10.296193	-73.679231	0	T:27.0(2.15%),B:22.5(0.06%),P:1e-31	Tpos:102.6,Tstd:53.1,Bpos:95.4,Bstd:59.7,StrandBias:0.1,Multiplicity:1.00
0.700	0.100	0.100	0.100
0.100	0.100	0.700	0.100
0.100	0.100	0.100	0.700
0.700	0.100	0.100	0.100
0.700	0.100	0.100	0.100
0.700	0.100	0.100	0.100
0.100	0.100	0.100	0.700
0.700	0.100	0.100	0.100
0.100	0.700	0.100	0.100
0.100	0.100	0.100	0.700
>TAACGTCCCT	5-TAACGTCCCT	10.600771	-66.680508	0	T:30.0(2.39%),B:41.6(0.11%),P:1e-28	Tpos:102.4,Tstd:48.8,Bpos:65.9,Bstd:53.0,StrandBias:0.0,Multiplicity:1.00
0.001	0.001	0.041	0.957
0.997	0.001	0.001	0.001
0.997	0.001	0.001	0.001
0.001	0.997	0.001	0.001
0.001	0.001	0.997	0.001
0.001	0.001	0.001	0.997
0.041	0.957	0.001	0.001
0.001	0.997	0.001	0.001
0.001	0.997	0.001	0.001
0.001	0.001	0.001	0.997
>CACTTATAAK	6-CACTTATAAK	9.853030	-63.980417	0	T:26.0(2.07%),B:28.0(0.07%),P:1e-27	Tpos:104.9,Tstd:88.5,Bpos:102.9,Bstd:37.3,StrandBias:0.0,Multiplicity:1.00
0.001	0.625	0.373	0.001
0.626	0.268	0.105	0.001
0.352	0.621	0.012	0.015
0.012	0.030	0.064	0.894
0.001	0.067	0.020	0.912
0.758	0.238	0.003	0.001
0.001	0.248	0.001	0.750
0.731	0.254	0.014	0.001
0.941	0.014	0.044	0.001
0.233	0.001	0.413	0.353
>AGTCGGGACG	7-AGTCGGGACG	8.751476	-63.960411	0	T:35.0(2.79%),B:72.7(0.19%),P:1e-27	Tpos:104.9,Tstd:64.4,Bpos:96.9,Bstd:85.7,StrandBias:0.1,Multiplicity:1.00
0.997	0.001	0.001	0.001
0.001	0.001	0.997	0.001
0.027	0.001	0.001	0.971
0.266	0.732	0.001	0.001
0.001	0.001	0.997	0.001
0.001	0.001	0.997	0.001
0.001	0.001	0.997	0.001
0.792	0.001	0.001	0.206
0.001	0.997	0.001	0.001
0.001	0.030	0.968	0.001
>GATACTGAGG	8-GATACTGAGG	10.953498	-61.003775	0	T:29.0(2.31%),B:45.9(0.12%),P:1e-26	Tpos:105.4,Tstd:73.3,Bpos:80.2,Bstd:44.7,StrandBias:-0.1,Multiplicity:1.00
0.001	0.001	0.997	0.001
0.942	0.001	0.001	0.056
0.001	0.001	0.001	0.997
0.997	0.001	0.001	0.001
0.001	0.997	0.001	0.001
0.001	0.001	0.001	0.997
0.001	0.001	0.997	0.001
0.997	0.001	0.001	0.001
0.001	0.001	0.997	0.001
0.001	0.001	0.997	0.001
>AWCCAASGAS	9-AWCCAASGAS	7.659888	-59.227358	0	T:29.0(2.31%),B:48.0(0.13%),P:1e-25	Tpos:102.5,Tstd:26.7,Bpos:101.6,Bstd:71.3,StrandBias:-0.3,Multiplicity:1.00
0.735	0.015	0.107	0.143
0.312	0.178	0.103	0.407
0.278	0.430	0.100	0.193
0.012	0.760	0.035	0.193
0.595	0.103	0.267	0.035
0.513	0.210	0.276	0.001
0.068	0.459	0.437	0.037
0.001	0.090	0.665	0.244
0.506	0.106	0.289	0.099
0.001	0.439	0.559	0.001
>TTAATTAATY	10-TTAATTAATY	13.023117	-55.396345	0	T:30.0(2.39%),B:61.2(0.16%),P:1e-24	Tpos:83.0,Tstd:34.0,Bpos:102.4,Bstd:68.2,StrandBias:-0.3,Multiplicity:1.00
0.001	0.010	0.001	0.988
0.001	0.001	0.001	0.997
0.985	0.001	0.013	0.001
0.990	0.008	0.001	0.001
0.001	0.001	0.011	0.987
0.001	0.007	0.004	0.988
0.997	0.001	0.001	0.001
0.985	0.009	0.005	0.001
0.007	0.001	0.010	0.982
0.089	0.431	0.001	0.478
>TGYGCTGYGC	11-TGYGCTGYGC	5.064286	-50.276501	0	T:456.0(36.31%),B:8971.5(24.01%),P:1e-21	Tpos:100.8,Tstd:57.0,Bpos:99.4,Bstd:128.0,StrandBias:0.0,Multiplicity:1.54
0.213	0.001	0.151	0.635
0.069	0.143	0.745	0.043
0.001	0.465	0.181	0.353
0.159	0.109	0.720	0.012
0.023	0.844	0.086	0.047
0.313	0.034	0.130	0.523
0.096	0.135	0.768	0.001
0.013	0.484	0.150	0.353
0.205	0.153	0.613	0.029
0.023	0.612	0.144	0.221
>TTTTTTTTTT	12-TTTTTTTTTT	6.657754	-48.351632	0	T:362.0(28.82%),B:6664.0(17.84%),P:1e-20	Tpos:94.3,Tstd:48.8,Bpos:99.0,Bstd:74.2,StrandBias:0.3,Multiplicity:1.23
0.177	0.041	0.019	0.763
0.161	0.055	0.174	0.610
0.201	0.188	0.098	0.513
0.042	0.348	0.019	0.591
0.190	0.159	0.001	0.650
0.261	0.136	0.045	0.558
0.165	0.025	0.100	0.710
0.220	0.021	0.044	0.715
0.151	0.077	0.085	0.687
0.168	0.140	0.016	0.676
>TTTTTTTCCG	13-TTTTTTTCCG	6.483222	-47.535565	0	T:405.0(32.25%),B:7776.3(20.82%),P:1e-20	Tpos:96.6,Tstd:46.6,Bpos:98.8,Bstd:75.4,StrandBias:-0.1,Multiplicity:1.34
0.054	0.064	0.035	0.847
0.086	0.068	0.031	0.815
0.059	0.085	0.037	0.819
0.071	0.067	0.035	0.827
0.082	0.034	0.055	0.829
0.033	0.056	0.057	0.854
0.027	0.064	0.031	0.878
0.081	0.683	0.095	0.141
0.060	0.719	0.103	0.118
0.080	0.062	0.729	0.129
>TGNMTGVCTG	14-TGNMTGVCTG	5.482869	-45.064447	0	T:135.0(10.75%),B:1670.2(4.47%),P:1e-19	Tpos:101.7,Tstd:53.1,Bpos:98.9,Bstd:95.9,StrandBias:-0.3,Multiplicity:1.07
0.183	0.135	0.152	0.530
0.211	0.111	0.517	0.161
0.295	0.296	0.163	0.246
0.289	0.407	0.156	0.147
0.232	0.006	0.001	0.761
0.194	0.193	0.609	0.004
0.364	0.273	0.251	0.112
0.239	0.411	0.221	0.130
0.013	0.170	0.004	0.813
0.162	0.212	0.483	0.143
>GTGTAGTGTA	15-GTGTAGTGTA	6.251648	-42.386219	0	T:258.0(20.54%),B:4385.6(11.74%),P:1e-18	Tpos:107.7,Tstd:62.0,Bpos:96.5,Bstd:94.2,StrandBias:-0.2,Multiplicity:1.31
0.093	0.104	0.713	0.090
0.091	0.095	0.115	0.699
0.120	0.095	0.685	0.100
0.087	0.138	0.091	0.684
0.715	0.079	0.098	0.108
0.104	0.120	0.670	0.106
0.095	0.116	0.104	0.685
0.104	0.084	0.726	0.086
0.086	0.097	0.092	0.725
0.702	0.094	0.121	0.083
>AGAGAGAGGG	16-AGAGAGAGGG	4.497580	-37.557482	0	T:447.0(35.59%),B:9341.0(25.00%),P:1e-16	Tpos:98.4,Tstd:58.2,Bpos:98.0,Bstd:108.2,StrandBias:0.1,Multiplicity:1.44
0.598	0.120	0.159	0.123
0.136	0.126	0.598	0.140
0.600	0.122	0.151	0.127
0.135	0.142	0.608	0.115
0.592	0.125	0.143	0.140
0.148	0.134	0.597	0.121
0.589	0.129	0.152	0.130
0.150	0.126	0.609	0.115
0.151	0.120	0.601	0.128
0.139	0.128	0.607	0.126
>ACACACACAC	17-ACACACACAC	5.943227	-35.229153	0	T:348.0(27.71%),B:6877.1(18.41%),P:1e-15	Tpos:100.1,Tstd:58.5,Bpos:97.7,Bstd:106.4,StrandBias:-0.0,Multiplicity:1.25
0.817	0.064	0.079	0.040
0.029	0.833	0.078	0.060
0.750	0.119	0.045	0.086
0.079	0.733	0.100	0.088
0.832	0.070	0.062	0.036
0.054	0.836	0.042	0.068
0.847	0.073	0.040	0.040
0.071	0.742	0.107	0.080
0.825	0.083	0.047	0.045
0.043	0.792	0.075	0.090
>DYAAKTCAAT	18-DYAAKTCAAT	7.779305	-34.491043	0	T:30.0(2.39%),B:132.9(0.36%),P:1e-14	Tpos:97.0,Tstd:28.8,Bpos:105.6,Bstd:58.6,StrandBias:-0.2,Multiplicity:1.00
0.252	0.034	0.324	0.390
0.001	0.505	0.001	0.493
0.738	0.105	0.125	0.032
0.635	0.128	0.137	0.100
0.012	0.115	0.374	0.499
0.127	0.102	0.072	0.699
0.080	0.548	0.329	0.043
0.608	0.190	0.080	0.122
0.597	0.115	0.175	0.113
0.342	0.048	0.059	0.551
>DTCMAGTCMA	19-DTCMAGTCMA	8.435738	-33.515926	0	T:33.0(2.63%),B:169.1(0.45%),P:1e-14	Tpos:100.7,Tstd:61.0,Bpos:102.2,Bstd:57.7,StrandBias:-0.1,Multiplicity:1.82
0.261	0.168	0.216	0.355
0.062	0.129	0.103	0.706
0.092	0.783	0.040	0.085
0.361	0.389	0.178	0.071
0.534	0.174	0.203	0.089
0.001	0.160	0.789	0.050
0.011	0.138	0.109	0.742
0.001	0.925	0.061	0.013
0.364	0.416	0.087	0.133
0.651	0.153	0.187	0.009
>ATMGGTGTCT	20-ATMGGTGTCT	9.483507	-32.702821	0	T:21.0(1.67%),B:60.4(0.16%),P:1e-14	Tpos:111.2,Tstd:63.7,Bpos:89.1,Bstd:58.7,StrandBias:0.6,Multiplicity:1.00
0.818	0.180	0.001	0.001
0.182	0.001	0.124	0.693
0.330	0.369	0.179	0.123
0.001	0.370	0.614	0.015
0.055	0.129	0.686	0.130
0.001	0.012	0.123	0.864
0.001	0.303	0.514	0.182
0.178	0.001	0.009	0.812
0.001	0.867	0.131	0.001
0.135	0.001	0.001	0.863
>TARTAATAAT	21-TARTAATAAT	9.822859	-32.099675	0	T:46.0(3.66%),B:344.6(0.92%),P:1e-13	Tpos:131.5,Tstd:47.7,Bpos:104.8,Bstd:70.6,StrandBias:-0.5,Multiplicity:1.07
0.043	0.128	0.041	0.788
0.765	0.232	0.001	0.002
0.485	0.001	0.511	0.003
0.333	0.126	0.003	0.538
0.814	0.013	0.001	0.172
0.714	0.280	0.001	0.005
0.043	0.135	0.005	0.817
0.645	0.340	0.014	0.001
0.854	0.135	0.010	0.001
0.025	0.008	0.276	0.691
>ATTGTCATGA	22-ATTGTCATGA	9.541626	-32.052557	0	T:26.0(2.07%),B:105.9(0.28%),P:1e-13	Tpos:101.7,Tstd:35.8,Bpos:103.3,Bstd:59.5,StrandBias:0.5,Multiplicity:1.04
0.911	0.035	0.026	0.028
0.001	0.259	0.001	0.739
0.035	0.026	0.026	0.913
0.001	0.001	0.792	0.206
0.001	0.001	0.025	0.973
0.109	0.889	0.001	0.001
0.980	0.001	0.001	0.018
0.019	0.032	0.001	0.948
0.029	0.001	0.969	0.001
0.912	0.001	0.027	0.060
>GCCTAGCCTG	23-GCCTAGCCTG	5.697353	-29.166177	0	T:242.0(19.27%),B:4515.2(12.09%),P:1e-12	Tpos:99.6,Tstd:57.8,Bpos:100.0,Bstd:131.7,StrandBias:0.3,Multiplicity:1.44
0.086	0.087	0.744	0.083
0.098	0.698	0.104	0.100
0.142	0.700	0.049	0.109
0.131	0.148	0.079	0.642
0.670	0.066	0.184	0.080
0.049	0.088	0.786	0.077
0.110	0.649	0.162	0.079
0.084	0.748	0.101	0.067
0.134	0.083	0.097	0.686
0.143	0.089	0.680	0.088
>GCTTACCTCT	24-GCTTACCTCT	10.916965	-24.982132	0	T:18.0(1.43%),B:63.0(0.17%),P:1e-10	Tpos:89.4,Tstd:57.9,Bpos:89.5,Bstd:71.4,StrandBias:-0.7,Multiplicity:1.06
0.001	0.001	0.997	0.001
0.001	0.997	0.001	0.001
0.001	0.001	0.099	0.899
0.001	0.001	0.001	0.997
0.891	0.001	0.001	0.107
0.001	0.997	0.001	0.001
0.001	0.931	0.001	0.067
0.001	0.001	0.001	0.997
0.001	0.997	0.001	0.001
0.001	0.001	0.001	0.997
>CTCATCTCAT	25-CTCATCTCAT	9.281919	-19.546327	0	T:37.0(2.95%),B:354.0(0.95%),P:1e-8	Tpos:100.8,Tstd:63.7,Bpos:100.0,Bstd:84.5,StrandBias:0.7,Multiplicity:1.92
0.001	0.946	0.001	0.052
0.001	0.007	0.001	0.991
0.021	0.957	0.021	0.001
0.954	0.001	0.034	0.011
0.001	0.001	0.001	0.997
0.021	0.961	0.001	0.017
0.019	0.001	0.044	0.936
0.027	0.902	0.070	0.001
0.887	0.001	0.040	0.072
0.023	0.016	0.018	0.943
>CAAGGAGAACAA	1-CAAGGAGAACAA	12.355432	-104.122064	0	T:27.0(2.15%),B:7.9(0.02%),P:1e-45	Tpos:102.1,Tstd:64.0,Bpos:86.1,Bstd:29.5,StrandBias:0.1,Multiplicity:1.00
0.100	0.700	0.100	0.100
0.700	0.100	0.100	0.100
0.700	0.100	0.100	0.100
0.100	0.100	0.700	0.100
0.100	0.100	0.700	0.100
0.700	0.100	0.100	0.100
0.100	0.100	0.700	0.100
0.700	0.100	0.100	0.100
0.700	0.100	0.100	0.100
0.100	0.700	0.100	0.100
0.700	0.100	0.100	0.100
0.700	0.100	0.100	0.100
>TCTAGTGAATCC	2-TCTAGTGAATCC	12.355432	-104.122064	0	T:27.0(2.15%),B:7.9(0.02%),P:1e-45	Tpos:103.2,Tstd:38.9,Bpos:102.2,Bstd:40.0,StrandBias:0.1,Multiplicity:1.00
0.100	0.100	0.100	0.700
0.100	0.700	0.100	0.100
0.100	0.100	0.100	0.700
0.700	0.100	0.100	0.100
0.100	0.100	0.700	0.100
0.100	0.100	0.100	0.700
0.100	0.100	0.700	0.100
0.700	0.100	0.100	0.100
0.700	0.100	0.100	0.100
0.100	0.100	0.100	0.700
0.100	0.700	0.100	0.100
0.100	0.700	0.100	0.100
>CTTCTGACTTGA	3-CTTCTGACTTGA	15.538320	-103.334694	0	T:26.0(2.07%),B:6.6(0.02%),P:1e-44	Tpos:105.2,Tstd:79.2,Bpos:93.0,Bstd:29.4,StrandBias:0.0,Multiplicity:1.00
0.397	0.587	0.001	0.015
0.001	0.001	0.001	0.997
0.001	0.001	0.001	0.997
0.001	0.586	0.001	0.412
0.001	0.001	0.001	0.997
0.001	0.001	0.997	0.001
0.997	0.001	0.001	0.001
0.001	0.997	0.001	0.001
0.001	0.001	0.001	0.997
0.001	0.001	0.001	0.997
0.001	0.001	0.997	0.001
0.997	0.001	0.001	0.001
>TCCAATTATAAG	4-TCCAATTATAAG	12.355432	-102.981867	0	T:25.0(1.99%),B:5.7(0.02%),P:1e-44	Tpos:101.3,Tstd:89.3,Bpos:111.9,Bstd:28.0,StrandBias:0.1,Multiplicity:1.00
0.100	0.100	0.100	0.700
0.100	0.700	0.100	0.100
0.100	0.700	0.100	0.100
0.700	0.100	0.100	0.100
0.700	0.100	0.100	0.100
0.100	0.100	0.100	0.700
0.100	0.100	0.100	0.700
0.700	0.100	0.100	0.100
0.100	0.100	0.100	0.700
0.700	0.100	0.100	0.100
0.700	0.100	0.100	0.100
0.100	0.100	0.700	0.100
>TAARTAYTTACT	5-TAARTAYTTACT	15.272508	-99.031114	0	T:28.0(2.23%),B:10.1(0.03%),P:1e-43	Tpos:99.5,Tstd:52.3,Bpos:103.3,Bstd:51.5,StrandBias:0.2,Multiplicity:1.00
0.001	0.001	0.001	0.997
0.982	0.001	0.016	0.001
0.997	0.001	0.001	0.001
0.496	0.001	0.502	0.001
0.001	0.001	0.001	0.997
0.997	0.001	0.001	0.001
0.001	0.548	0.001	0.450
0.001	0.001	0.001	0.997
0.001	0.001	0.001	0.997
0.997	0.001	0.001	0.001
0.001	0.997	0.001	0.001
0.016	0.001	0.001	0.982
>AACAATTCAATT	6-AACAATTCAATT	12.355432	-97.400013	0	T:27.0(2.15%),B:9.4(0.03%),P:1e-42	Tpos:98.7,Tstd:23.3,Bpos:95.4,Bstd:39.4,StrandBias:0.1,Multiplicity:1.00
0.700	0.100	0.100	0.100
0.700	0.100	0.100	0.100
0.100	0.700	0.100	0.100
0.700	0.100	0.100	0.100
0.700	0.100	0.100	0.100
0.100	0.100	0.100	0.700
0.100	0.100	0.100	0.700
0.100	0.700	0.100	0.100
0.700	0.100	0.100	0.100
0.700	0.100	0.100	0.100
0.100	0.100	0.100	0.700
0.100	0.100	0.100	0.700
>GGCAWCGAACKA	7-GGCAWCGAACKA	13.355805	-90.071476	0	T:29.0(2.31%),B:16.2(0.04%),P:1e-39	Tpos:105.0,Tstd:30.4,Bpos:107.7,Bstd:52.6,StrandBias:-0.1,Multiplicity:1.00
0.001	0.001	0.997	0.001
0.001	0.001	0.997	0.001
0.001	0.997	0.001	0.001
0.997	0.001	0.001	0.001
0.435	0.001	0.001	0.563
0.001	0.997	0.001	0.001
0.001	0.122	0.876	0.001
0.997	0.001	0.001	0.001
0.997	0.001	0.001	0.001
0.001	0.997	0.001	0.001
0.001	0.001	0.563	0.435
0.997	0.001	0.001	0.001
>CAGCWTCATGTS	8-CAGCWTCATGTS	13.395971	-89.736823	0	T:28.0(2.23%),B:14.3(0.04%),P:1e-38	Tpos:102.2,Tstd:20.0,Bpos:106.3,Bstd:37.7,StrandBias:0.0,Multiplicity:1.00
0.001	0.997	0.001	0.001
0.997	0.001	0.001	0.001
0.001	0.001	0.997	0.001
0.001	0.997	0.001	0.001
0.435	0.001	0.001	0.563
0.001	0.001	0.001	0.997
0.001	0.997	0.001	0.001
0.997	0.001	0.001	0.001
0.127	0.001	0.001	0.871
0.001	0.001	0.997	0.001
0.001	0.001	0.001	0.997
0.001	0.563	0.435	0.001
>CTTATTTCTACT	9-CTTATTTCTACT	13.392049	-87.235488	0	T:33.0(2.63%),B:29.7(0.08%),P:1e-37	Tpos:106.5,Tstd:49.7,Bpos:75.4,Bstd:71.2,StrandBias:-0.1,Multiplicity:1.00
0.388	0.610	0.001	0.001
0.001	0.001	0.001	0.997
0.001	0.001	0.001	0.997
0.997	0.001	0.001	0.001
0.303	0.001	0.001	0.695
0.001	0.303	0.001	0.695
0.001	0.001	0.001	0.997
0.001	0.997	0.001	0.001
0.001	0.001	0.001	0.997
0.695	0.001	0.303	0.001
0.001	0.692	0.306	0.001
0.001	0.001	0.001	0.997
>TCCAGTCCAACA	10-TCCAGTCCAACA	13.258408	-69.818064	0	T:31.0(2.47%),B:41.7(0.11%),P:1e-30	Tpos:100.4,Tstd:86.9,Bpos:90.1,Bstd:48.5,StrandBias:-0.1,Multiplicity:1.00
0.001	0.001	0.001	0.997
0.001	0.997	0.001	0.001
0.001	0.997	0.001	0.001
0.961	0.001	0.001	0.037
0.001	0.001	0.997	0.001
0.047	0.001	0.001	0.951
0.001	0.997	0.001	0.001
0.001	0.997	0.001	0.001
0.997	0.001	0.001	0.001
0.997	0.001	0.001	0.001
0.001	0.997	0.001	0.001
0.997	0.001	0.001	0.001
>CSCTACTAASGM	11-CSCTACTAASGM	11.025154	-68.405110	0	T:31.0(2.47%),B:43.1(0.12%),P:1e-29	Tpos:107.9,Tstd:57.6,Bpos:66.7,Bstd:51.1,StrandBias:-0.1,Multiplicity:1.00
0.001	0.997	0.001	0.001
0.001	0.543	0.436	0.020
0.040	0.939	0.001	0.020
0.001	0.001	0.019	0.979
0.876	0.001	0.001	0.122
0.001	0.997	0.001	0.001
0.020	0.001	0.020	0.959
0.959	0.001	0.020	0.020
0.994	0.004	0.001	0.001
0.020	0.436	0.543	0.001
0.020	0.001	0.959	0.020
0.436	0.436	0.001	0.127
>TACTRCCCATWC	12-TACTRCCCATWC	13.355805	-68.405110	0	T:31.0(2.47%),B:43.7(0.12%),P:1e-29	Tpos:107.1,Tstd:66.8,Bpos:74.7,Bstd:46.9,StrandBias:-0.3,Multiplicity:1.00
0.001	0.001	0.001	0.997
0.997	0.001	0.001	0.001
0.001	0.997	0.001	0.001
0.001	0.001	0.001	0.997
0.563	0.001	0.435	0.001
0.001	0.997	0.001	0.001
0.001	0.997	0.001	0.001
0.001	0.876	0.122	0.001
0.997	0.001	0.001	0.001
0.001	0.001	0.001	0.997
0.563	0.001	0.001	0.435
0.001	0.997	0.001	0.001
>ATTAATTAATYR	13-ATTAATTAATYR	13.986854	-67.160932	0	T:28.0(2.23%),B:32.0(0.09%),P:1e-29	Tpos:83.3,Tstd:32.6,Bpos:100.4,Bstd:58.1,StrandBias:0.2,Multiplicity:1.00
0.877	0.061	0.061	0.001
0.001	0.001	0.122	0.876
0.001	0.001	0.122	0.876
0.937	0.061	0.001	0.001
0.937	0.001	0.001	0.061
0.001	0.061	0.001	0.937
0.001	0.061	0.061	0.877
0.997	0.001	0.001	0.001
0.877	0.001	0.061	0.061
0.001	0.001	0.001	0.997
0.061	0.441	0.001	0.497
0.489	0.071	0.379	0.062
>RGCYCAGCCYAG	14-RGCYCAGCCYAG	6.493255	-54.022186	0	T:240.0(19.11%),B:3620.2(9.69%),P:1e-23	Tpos:100.1,Tstd:59.4,Bpos:103.4,Bstd:134.4,StrandBias:0.1,Multiplicity:1.40
0.414	0.054	0.310	0.222
0.053	0.179	0.675	0.093
0.050	0.528	0.094	0.328
0.175	0.423	0.098	0.304
0.078	0.567	0.018	0.337
0.714	0.001	0.015	0.270
0.055	0.001	0.943	0.001
0.129	0.636	0.147	0.088
0.052	0.858	0.089	0.001
0.092	0.387	0.001	0.520
0.905	0.001	0.056	0.038
0.057	0.039	0.755	0.149
>AGTGTGTGTGTG	15-AGTGTGTGTGTG	6.594190	-33.574978	0	T:235.0(18.71%),B:4167.3(11.16%),P:1e-14	Tpos:100.2,Tstd:58.4,Bpos:97.5,Bstd:107.0,StrandBias:-0.0,Multiplicity:1.10
0.481	0.083	0.155	0.281
0.102	0.092	0.732	0.074
0.040	0.049	0.102	0.809
0.049	0.104	0.761	0.086
0.072	0.047	0.075	0.806
0.092	0.088	0.747	0.073
0.048	0.069	0.001	0.882
0.090	0.080	0.816	0.014
0.131	0.078	0.115	0.676
0.085	0.052	0.791	0.072
0.083	0.051	0.034	0.832
0.140	0.103	0.671	0.086
>TCTCTCTCTCTC	16-TCTCTCTCTCTC	7.721804	-31.569857	0	T:154.0(12.26%),B:2391.5(6.40%),P:1e-13	Tpos:103.8,Tstd:61.8,Bpos:92.5,Bstd:93.7,StrandBias:0.0,Multiplicity:1.00
0.001	0.047	0.042	0.910
0.071	0.639	0.078	0.212
0.104	0.107	0.024	0.765
0.118	0.744	0.047	0.091
0.087	0.188	0.085	0.640
0.090	0.757	0.064	0.089
0.094	0.116	0.001	0.789
0.054	0.713	0.098	0.135
0.128	0.100	0.147	0.625
0.078	0.690	0.052	0.180
0.062	0.155	0.057	0.726
0.001	0.997	0.001	0.001
>CTGACTGACTGA	17-CTGACTGACTGA	6.899940	-31.428035	0	T:124.0(9.87%),B:1759.8(4.71%),P:1e-13	Tpos:103.1,Tstd:50.6,Bpos:97.7,Bstd:98.0,StrandBias:-0.5,Multiplicity:1.08
0.266	0.509	0.095	0.130
0.001	0.010	0.015	0.974
0.032	0.071	0.804	0.093
0.587	0.288	0.063	0.062
0.390	0.578	0.031	0.001
0.032	0.001	0.019	0.948
0.131	0.063	0.789	0.017
0.693	0.119	0.152	0.036
0.297	0.515	0.125	0.063
0.102	0.062	0.025	0.811
0.001	0.171	0.797	0.031
0.623	0.097	0.204	0.076
>CTCTCTCTCTCT	18-CTCTCTCTCTCT	5.876439	-31.203114	0	T:316.0(25.16%),B:6258.1(16.75%),P:1e-13	Tpos:98.3,Tstd:55.2,Bpos:98.6,Bstd:95.9,StrandBias:-0.1,Multiplicity:1.25
0.101	0.641	0.107	0.151
0.111	0.146	0.080	0.663
0.093	0.643	0.109	0.155
0.101	0.116	0.079	0.704
0.079	0.649	0.110	0.162
0.094	0.123	0.084	0.699
0.075	0.651	0.108	0.166
0.095	0.122	0.085	0.698
0.092	0.636	0.118	0.154
0.091	0.119	0.090	0.700
0.107	0.629	0.125	0.139
0.093	0.136	0.083	0.688
>TRGTATAGTRTA	19-TRGTATAGTRTA	6.536426	-27.177993	0	T:187.0(14.89%),B:3286.2(8.80%),P:1e-11	Tpos:103.2,Tstd:64.7,Bpos:98.7,Bstd:81.7,StrandBias:0.1,Multiplicity:1.21
0.149	0.192	0.109	0.550
0.452	0.034	0.329	0.185
0.200	0.116	0.586	0.098
0.185	0.079	0.001	0.735
0.666	0.077	0.256	0.001
0.019	0.393	0.045	0.543
0.790	0.001	0.092	0.117
0.036	0.268	0.560	0.136
0.065	0.066	0.041	0.828
0.452	0.037	0.431	0.081
0.001	0.158	0.001	0.840
0.603	0.011	0.263	0.123
>CTCATCTCATCT	20-CTCATCTCATCT	5.042650	-25.803819	0	T:437.0(34.79%),B:9751.8(26.10%),P:1e-11	Tpos:103.5,Tstd:56.8,Bpos:99.5,Bstd:91.8,StrandBias:0.1,Multiplicity:1.24
0.114	0.694	0.103	0.089
0.116	0.101	0.118	0.665
0.035	0.706	0.131	0.128
0.609	0.129	0.124	0.138
0.113	0.103	0.127	0.657
0.079	0.685	0.093	0.143
0.068	0.144	0.108	0.680
0.076	0.670	0.124	0.130
0.611	0.123	0.120	0.146
0.105	0.151	0.100	0.644
0.096	0.684	0.090	0.130
0.108	0.118	0.078	0.696
>GCCGCGCTGCTC	21-GCCGCGCTGCTC	4.707664	-19.554252	0	T:443.0(35.27%),B:10357.6(27.73%),P:1e-8	Tpos:100.2,Tstd:57.5,Bpos:97.5,Bstd:136.7,StrandBias:0.3,Multiplicity:1.34
0.132	0.133	0.623	0.112
0.060	0.728	0.117	0.095
0.046	0.609	0.052	0.293
0.019	0.360	0.598	0.023
0.298	0.620	0.053	0.029
0.023	0.118	0.615	0.244
0.056	0.874	0.058	0.012
0.072	0.137	0.117	0.674
0.023	0.388	0.560	0.029
0.250	0.550	0.127	0.073
0.092	0.174	0.144	0.590
0.137	0.666	0.108	0.089
>ATCTCATCTCAT	22-ATCTCATCTCAT	8.802587	-19.523023	0	T:48.0(3.82%),B:541.4(1.45%),P:1e-8	Tpos:104.1,Tstd:59.9,Bpos:103.3,Bstd:78.6,StrandBias:0.4,Multiplicity:1.08
0.757	0.093	0.077	0.073
0.107	0.023	0.059	0.811
0.051	0.785	0.069	0.095
0.023	0.107	0.014	0.856
0.092	0.906	0.001	0.001
0.860	0.001	0.016	0.123
0.022	0.001	0.001	0.976
0.074	0.856	0.037	0.033
0.024	0.056	0.113	0.807
0.046	0.839	0.062	0.053
0.760	0.056	0.015	0.169
0.037	0.098	0.069	0.796
>CHMAHAAAATCA	23-CHMAHAAAATCA	5.442596	-19.325927	0	T:247.0(19.67%),B:5131.9(13.74%),P:1e-8	Tpos:98.2,Tstd:48.5,Bpos:99.1,Bstd:80.0,StrandBias:-0.0,Multiplicity:1.21
0.118	0.836	0.001	0.045
0.369	0.264	0.117	0.250
0.469	0.529	0.001	0.001
0.997	0.001	0.001	0.001
0.363	0.243	0.006	0.388
0.704	0.294	0.001	0.001
0.633	0.332	0.001	0.034
0.997	0.001	0.001	0.001
0.975	0.023	0.001	0.001
0.341	0.073	0.001	0.585
0.012	0.986	0.001	0.001
0.997	0.001	0.001	0.001
>AGCTTACCTCTA	24-AGCTTACCTCTA	10.409522	-17.110167	0	T:11.0(0.88%),B:34.8(0.09%),P:1e-7	Tpos:96.7,Tstd:52.1,Bpos:71.4,Bstd:86.1,StrandBias:1.0,Multiplicity:1.00
0.700	0.100	0.100	0.100
0.100	0.100	0.700	0.100
0.100	0.700	0.100	0.100
0.100	0.100	0.100	0.700
0.100	0.100	0.100	0.700
0.700	0.100	0.100	0.100
0.100	0.700	0.100	0.100
0.100	0.700	0.100	0.100
0.100	0.100	0.100	0.700
0.100	0.700	0.100	0.100
0.100	0.100	0.100	0.700
0.700	0.100	0.100	0.100
>AATAATTATWWT	25-AATAATTATWWT	8.207501	-9.874732	0	T:49.0(3.90%),B:791.4(2.12%),P:1e-4	Tpos:129.2,Tstd:50.7,Bpos:103.3,Bstd:61.3,StrandBias:0.1,Multiplicity:1.27
0.432	0.157	0.169	0.242
0.581	0.139	0.241	0.039
0.267	0.120	0.127	0.486
0.554	0.038	0.034	0.374
0.650	0.001	0.028	0.321
0.112	0.036	0.009	0.843
0.348	0.008	0.086	0.558
0.565	0.181	0.033	0.221
0.049	0.025	0.019	0.907
0.381	0.053	0.133	0.433
0.424	0.032	0.170	0.374
0.169	0.024	0.001	0.806
>AGAGAGGG	1-AGAGAGGG	6.120122	-53.754115	0	T:294.0(23.41%),B:4842.2(12.96%),P:1e-23	Tpos:98.0,Tstd:58.7,Bpos:97.5,Bstd:117.5,StrandBias:-0.2,Multiplicity:1.28
0.538	0.051	0.373	0.038
0.084	0.137	0.754	0.025
0.668	0.109	0.169	0.054
0.029	0.032	0.938	0.001
0.570	0.046	0.383	0.001
0.062	0.049	0.888	0.001
0.330	0.001	0.611	0.058
0.060	0.161	0.701	0.078
>CTGGVCTG	2-CTGGVCTG	4.964340	-51.779760	0	T:529.0(42.12%),B:10838.1(29.01%),P:1e-22	Tpos:99.4,Tstd:58.4,Bpos:100.5,Bstd:118.9,StrandBias:0.1,Multiplicity:1.72
0.151	0.694	0.076	0.079
0.173	0.150	0.001	0.676
0.363	0.001	0.635	0.001
0.028	0.174	0.651	0.147
0.309	0.263	0.390	0.038
0.001	0.781	0.026	0.192
0.219	0.111	0.002	0.668
0.190	0.111	0.632	0.067
>ACAGTASA	3-ACAGTASA	6.261985	-50.510829	0	T:307.0(24.44%),B:5253.5(14.06%),P:1e-21	Tpos:103.8,Tstd:59.6,Bpos:98.0,Bstd:92.1,StrandBias:0.0,Multiplicity:1.10
0.902	0.001	0.001	0.096
0.001	0.997	0.001	0.001
0.997	0.001	0.001	0.001
0.001	0.219	0.779	0.001
0.001	0.001	0.269	0.729
0.717	0.001	0.281	0.001
0.036	0.367	0.378	0.220
0.904	0.001	0.094	0.001
>TTTTTTCC	4-TTTTTTCC	6.891224	-49.272841	0	T:377.0(30.02%),B:6999.9(18.74%),P:1e-21	Tpos:100.2,Tstd:45.6,Bpos:102.1,Bstd:83.9,StrandBias:0.1,Multiplicity:1.34
0.001	0.057	0.037	0.905
0.001	0.001	0.001	0.997
0.001	0.001	0.001	0.997
0.011	0.001	0.001	0.987
0.001	0.032	0.001	0.966
0.001	0.107	0.001	0.891
0.065	0.641	0.073	0.221
0.103	0.740	0.092	0.065
>GTGAATCC	5-GTGAATCC	8.236954	-40.393740	0	T:34.0(2.71%),B:142.5(0.38%),P:1e-17	Tpos:107.9,Tstd:38.7,Bpos:94.8,Bstd:58.3,StrandBias:-0.3,Multiplicity:1.00
0.100	0.100	0.700	0.100
0.100	0.100	0.100	0.700
0.100	0.100	0.700	0.100
0.700	0.100	0.100	0.100
0.700	0.100	0.100	0.100
0.100	0.100	0.100	0.700
0.100	0.700	0.100	0.100
0.100	0.700	0.100	0.100
>CCCTACTA	6-CCCTACTA	10.546761	-39.442029	0	T:38.0(3.03%),B:189.0(0.51%),P:1e-17	Tpos:107.0,Tstd:67.8,Bpos:95.2,Bstd:75.8,StrandBias:-0.6,Multiplicity:1.05
0.001	0.997	0.001	0.001
0.001	0.997	0.001	0.001
0.001	0.997	0.001	0.001
0.001	0.001	0.001	0.997
0.593	0.001	0.001	0.405
0.001	0.997	0.001	0.001
0.001	0.001	0.001	0.997
0.997	0.001	0.001	0.001
>ACTAACGT	7-ACTAACGT	8.236954	-38.364200	0	T:31.0(2.47%),B:123.9(0.33%),P:1e-16	Tpos:104.3,Tstd:48.4,Bpos:87.2,Bstd:70.5,StrandBias:-0.1,Multiplicity:1.00
0.700	0.100	0.100	0.100
0.100	0.700	0.100	0.100
0.100	0.100	0.100	0.700
0.700	0.100	0.100	0.100
0.700	0.100	0.100	0.100
0.100	0.700	0.100	0.100
0.100	0.100	0.700	0.100
0.100	0.100	0.100	0.700
>TGTGTGTG	8-TGTGTGTG	4.607699	-36.900166	0	T:356.0(28.34%),B:7002.8(18.75%),P:1e-16	Tpos:97.6,Tstd:59.1,Bpos:97.8,Bstd:100.8,StrandBias:0.2,Multiplicity:1.29
0.034	0.018	0.041	0.907
0.047	0.040	0.892	0.021
0.020	0.034	0.001	0.945
0.055	0.038	0.906	0.001
0.039	0.001	0.001	0.959
0.066	0.001	0.932	0.001
0.031	0.026	0.037	0.906
0.051	0.001	0.947	0.001
>TCTAAGGT	9-TCTAAGGT	8.236954	-35.287355	0	T:30.0(2.39%),B:128.2(0.34%),P:1e-15	Tpos:100.7,Tstd:57.5,Bpos:85.0,Bstd:56.1,StrandBias:-0.2,Multiplicity:1.00
0.100	0.100	0.100	0.700
0.100	0.700	0.100	0.100
0.100	0.100	0.100	0.700
0.700	0.100	0.100	0.100
0.700	0.100	0.100	0.100
0.100	0.100	0.700	0.100
0.100	0.100	0.700	0.100
0.100	0.100	0.100	0.700
>AGTAACTA	10-AGTAACTA	8.843698	-34.992689	0	T:65.0(5.18%),B:596.9(1.60%),P:1e-15	Tpos:97.5,Tstd:50.4,Bpos:102.4,Bstd:86.7,StrandBias:-0.5,Multiplicity:1.06
0.997	0.001	0.001	0.001
0.001	0.001	0.997	0.001
0.001	0.001	0.001	0.997
0.997	0.001	0.001	0.001
0.997	0.001	0.001	0.001
0.092	0.799	0.108	0.001
0.001	0.001	0.001	0.997
0.997	0.001	0.001	0.001
>CCGATACT	11-CCGATACT	8.236954	-34.582630	0	T:32.0(2.55%),B:152.2(0.41%),P:1e-15	Tpos:106.4,Tstd:70.8,Bpos:88.5,Bstd:76.0,StrandBias:0.0,Multiplicity:1.00
0.100	0.700	0.100	0.100
0.100	0.700	0.100	0.100
0.100	0.100	0.700	0.100
0.700	0.100	0.100	0.100
0.100	0.100	0.100	0.700
0.700	0.100	0.100	0.100
0.100	0.700	0.100	0.100
0.100	0.100	0.100	0.700
>GGCATCCA	12-GGCATCCA	8.236954	-33.293481	0	T:35.0(2.79%),B:193.1(0.52%),P:1e-14	Tpos:92.7,Tstd:35.8,Bpos:104.3,Bstd:96.5,StrandBias:-0.2,Multiplicity:1.00
0.100	0.100	0.700	0.100
0.100	0.100	0.700	0.100
0.100	0.700	0.100	0.100
0.700	0.100	0.100	0.100
0.100	0.100	0.100	0.700
0.100	0.700	0.100	0.100
0.100	0.700	0.100	0.100
0.700	0.100	0.100	0.100
>GCTAAGCC	13-GCTAAGCC	4.951652	-31.124395	0	T:454.0(36.15%),B:9884.5(26.46%),P:1e-13	Tpos:98.7,Tstd:59.2,Bpos:100.8,Bstd:115.8,StrandBias:-0.2,Multiplicity:1.33
0.043	0.143	0.735	0.079
0.076	0.866	0.026	0.032
0.148	0.145	0.045	0.662
0.720	0.089	0.057	0.134
0.623	0.123	0.125	0.129
0.103	0.050	0.820	0.027
0.047	0.822	0.081	0.050
0.081	0.761	0.072	0.086
>ATTATTTC	14-ATTATTTC	5.401131	-29.934687	0	T:323.0(25.72%),B:6499.8(17.40%),P:1e-13	Tpos:106.8,Tstd:51.0,Bpos:99.0,Bstd:80.5,StrandBias:0.2,Multiplicity:1.41
0.598	0.001	0.001	0.400
0.001	0.001	0.001	0.997
0.003	0.001	0.001	0.995
0.976	0.022	0.001	0.001
0.001	0.001	0.001	0.997
0.001	0.001	0.001	0.997
0.023	0.001	0.004	0.972
0.001	0.594	0.004	0.401
>CCAAGGAG	15-CCAAGGAG	8.236954	-29.408507	0	T:38.0(3.03%),B:260.7(0.70%),P:1e-12	Tpos:94.9,Tstd:65.6,Bpos:94.8,Bstd:92.7,StrandBias:0.0,Multiplicity:1.00
0.100	0.700	0.100	0.100
0.100	0.700	0.100	0.100
0.700	0.100	0.100	0.100
0.700	0.100	0.100	0.100
0.100	0.100	0.700	0.100
0.100	0.100	0.700	0.100
0.700	0.100	0.100	0.100
0.100	0.100	0.700	0.100
>AWTAATTA	16-AWTAATTA	8.581355	-28.621315	0	T:38.0(3.03%),B:268.0(0.72%),P:1e-12	Tpos:92.5,Tstd:32.9,Bpos:100.7,Bstd:70.4,StrandBias:0.0,Multiplicity:1.13
0.843	0.090	0.001	0.066
0.285	0.069	0.244	0.401
0.001	0.135	0.001	0.863
0.907	0.091	0.001	0.001
0.688	0.179	0.001	0.132
0.085	0.092	0.095	0.728
0.195	0.081	0.001	0.723
0.849	0.149	0.001	0.001
>CAATTATA	17-CAATTATA	8.236954	-26.079052	0	T:32.0(2.55%),B:210.2(0.56%),P:1e-11	Tpos:103.3,Tstd:86.5,Bpos:94.7,Bstd:58.8,StrandBias:0.0,Multiplicity:1.00
0.100	0.700	0.100	0.100
0.700	0.100	0.100	0.100
0.700	0.100	0.100	0.100
0.100	0.100	0.100	0.700
0.100	0.100	0.100	0.700
0.700	0.100	0.100	0.100
0.100	0.100	0.100	0.700
0.700	0.100	0.100	0.100
>CGTACGTA	18-CGTACGTA	6.430251	-25.906877	0	T:111.0(8.84%),B:1635.1(4.38%),P:1e-11	Tpos:111.0,Tstd:58.1,Bpos:103.1,Bstd:100.2,StrandBias:-0.0,Multiplicity:1.12
0.022	0.921	0.001	0.056
0.001	0.001	0.997	0.001
0.043	0.029	0.021	0.907
0.893	0.075	0.001	0.031
0.001	0.916	0.013	0.070
0.038	0.028	0.923	0.011
0.079	0.043	0.190	0.688
0.945	0.017	0.026	0.012
>WGHCWGNC	19-WGHCWGNC	5.542448	-24.352148	0	T:275.0(21.89%),B:5567.0(14.90%),P:1e-10	Tpos:98.0,Tstd:56.0,Bpos:99.4,Bstd:114.7,StrandBias:0.1,Multiplicity:1.42
0.341	0.001	0.219	0.439
0.001	0.001	0.908	0.090
0.244	0.310	0.141	0.304
0.001	0.747	0.251	0.001
0.439	0.087	0.096	0.378
0.090	0.001	0.908	0.001
0.268	0.214	0.223	0.295
0.005	0.730	0.264	0.001
>TCAAGTCA	20-TCAAGTCA	8.236954	-21.348722	0	T:33.0(2.63%),B:269.4(0.72%),P:1e-9	Tpos:102.7,Tstd:58.1,Bpos:106.2,Bstd:88.7,StrandBias:-0.2,Multiplicity:1.78
0.100	0.100	0.100	0.700
0.100	0.700	0.100	0.100
0.700	0.100	0.100	0.100
0.700	0.100	0.100	0.100
0.100	0.100	0.700	0.100
0.100	0.100	0.100	0.700
0.100	0.700	0.100	0.100
0.700	0.100	0.100	0.100
>GAGGAATA	21-GAGGAATA	8.236954	-20.665637	0	T:35.0(2.79%),B:307.4(0.82%),P:1e-8	Tpos:104.1,Tstd:74.1,Bpos:99.5,Bstd:64.5,StrandBias:0.0,Multiplicity:1.00
0.100	0.100	0.700	0.100
0.700	0.100	0.100	0.100
0.100	0.100	0.700	0.100
0.100	0.100	0.700	0.100
0.700	0.100	0.100	0.100
0.700	0.100	0.100	0.100
0.100	0.100	0.100	0.700
0.700	0.100	0.100	0.100
>CTCGCCTC	22-CTCGCCTC	7.054943	-16.669369	0	T:68.0(5.41%),B:992.8(2.66%),P:1e-7	Tpos:99.6,Tstd:58.8,Bpos:92.1,Bstd:97.5,StrandBias:0.3,Multiplicity:1.68
0.001	0.997	0.001	0.001
0.001	0.001	0.001	0.997
0.001	0.997	0.001	0.001
0.125	0.001	0.873	0.001
0.001	0.854	0.001	0.144
0.001	0.997	0.001	0.001
0.001	0.001	0.001	0.997
0.001	0.997	0.001	0.001
>ACCATACC	23-ACCATACC	4.556555	-16.070891	0	T:87.0(6.93%),B:1417.3(3.79%),P:1e-6	Tpos:100.2,Tstd:58.8,Bpos:98.7,Bstd:93.5,StrandBias:-0.0,Multiplicity:1.20
0.997	0.001	0.001	0.001
0.001	0.877	0.121	0.001
0.001	0.997	0.001	0.001
0.871	0.001	0.001	0.127
0.001	0.001	0.014	0.984
0.997	0.001	0.001	0.001
0.001	0.997	0.001	0.001
0.001	0.997	0.001	0.001
>CAACAGCT	24-CAACAGCT	8.236954	-13.683711	0	T:33.0(2.63%),B:376.2(1.01%),P:1e-5	Tpos:99.9,Tstd:26.4,Bpos:102.6,Bstd:88.2,StrandBias:0.4,Multiplicity:1.00
0.100	0.700	0.100	0.100
0.700	0.100	0.100	0.100
0.700	0.100	0.100	0.100
0.100	0.700	0.100	0.100
0.700	0.100	0.100	0.100
0.100	0.100	0.700	0.100
0.100	0.700	0.100	0.100
0.100	0.100	0.100	0.700
>AATTRWAT	25-AATTRWAT	6.974748	-8.589696	0	T:61.0(4.86%),B:1111.3(2.97%),P:1e-3	Tpos:108.1,Tstd:45.1,Bpos:103.7,Bstd:62.4,StrandBias:0.3,Multiplicity:1.07
0.677	0.133	0.066	0.124
0.773	0.183	0.043	0.001
0.001	0.033	0.170	0.796
0.001	0.091	0.074	0.834
0.481	0.171	0.345	0.002
0.344	0.137	0.174	0.346
0.821	0.007	0.171	0.001
0.281	0.074	0.164	0.482
