>GGAGACCRAC	1-GGAGACCRAC	10.568327	-86.382106	0	T:39.0(3.11%),B:53.6(0.14%),P:1e-37	Tpos:104.4,Tstd:64.4,Bpos:83.2,Bstd:65.7,StrandBias:-0.2,Multiplicity:1.00
0.001	0.001	0.616	0.382
0.001	0.001	0.997	0.001
0.997	0.001	0.001	0.001
0.001	0.001	0.997	0.001
0.997	0.001	0.001	0.001
0.118	0.880	0.001	0.001
0.001	0.997	0.001	0.001
0.521	0.001	0.477	0.001
0.997	0.001	0.001	0.001
0.001	0.997	0.001	0.001
>CTTATCTAGT	2-CTTATCTAGT	10.296193	-82.087200	0	T:27.0(2.15%),B:16.8(0.04%),P:1e-35	Tpos:103.0,Tstd:42.9,Bpos:119.8,Bstd:37.9,StrandBias:0.1,Multiplicity:1.00
0.100	0.700	0.100	0.100
0.100	0.100	0.100	0.700
0.100	0.100	0.100	0.700
0.700	0.100	0.100	0.100
0.100	0.100	0.100	0.700
0.100	0.700	0.100	0.100
0.100	0.100	0.100	0.700
0.700	0.100	0.100	0.100
0.100	0.100	0.700	0.100
0.100	0.100	0.100	0.700
>TCMAGTCMGA	3-TCMAGTCMGA	9.983601	-75.151154	0	T:26.0(2.07%),B:18.3(0.05%),P:1e-32	Tpos:105.2,Tstd:79.2,Bpos:108.6,Bstd:41.8,StrandBias:0.0,Multiplicity:1.00
0.001	0.001	0.019	0.979
0.094	0.805	0.042	0.059
0.465	0.435	0.042	0.059
0.520	0.190	0.130	0.160
0.001	0.169	0.829	0.001
0.092	0.039	0.076	0.793
0.012	0.891	0.075	0.022
0.485	0.396	0.078	0.041
0.342	0.022	0.581	0.055
0.657	0.114	0.145	0.084
>AGTAAATACT	4-AGTAAATACT	10.296193	-73.679231	0	T:27.0(2.15%),B:22.5(0.06%),P:1e-31	Tpos:102.6,Tstd:53.1,Bpos:95.4,Bstd:59.7,StrandBias:0.1,Multiplicity:1.00
0.700	0.100	0.100	0.100
0.100	0.100	0.700	0.100
0.100	0.100	0.100	0.700
0.700	0.100	0.100	0.100
0.700	0.100	0.100	0.100
0.700	0.100	0.100	0.100
0.100	0.100	0.100	0.700
0.700	0.100	0.100	0.100
0.100	0.700	0.100	0.100
0.100	0.100	0.100	0.700
>TAACGTCCCT	5-TAACGTCCCT	10.600771	-66.680508	0	T:30.0(2.39%),B:41.6(0.11%),P:1e-28	Tpos:102.4,Tstd:48.8,Bpos:65.9,Bstd:53.0,StrandBias:0.0,Multiplicity:1.00
0.001	0.001	0.041	0.957
0.997	0.001	0.001	0.001
0.997	0.001	0.001	0.001
0.001	0.997	0.001	0.001
0.001	0.001	0.997	0.001
0.001	0.001	0.001	0.997
0.041	0.957	0.001	0.001
0.001	0.997	0.001	0.001
0.001	0.997	0.001	0.001
0.001	0.001	0.001	0.997
>CACTTATAAK	6-CACTTATAAK	9.853030	-63.980417	0	T:26.0(2.07%),B:28.0(0.07%),P:1e-27	Tpos:104.9,Tstd:88.5,Bpos:102.9,Bstd:37.3,StrandBias:0.0,Multiplicity:1.00
0.001	0.625	0.373	0.001
0.626	0.268	0.105	0.001
0.352	0.621	0.012	0.015
0.012	0.030	0.064	0.894
0.001	0.067	0.020	0.912
0.758	0.238	0.003	0.001
0.001	0.248	0.001	0.750
0.731	0.254	0.014	0.001
0.941	0.014	0.044	0.001
0.233	0.001	0.413	0.353
>AGTCGGGACG	7-AGTCGGGACG	8.751476	-63.960411	0	T:35.0(2.79%),B:72.7(0.19%),P:1e-27	Tpos:104.9,Tstd:64.4,Bpos:96.9,Bstd:85.7,StrandBias:0.1,Multiplicity:1.00
0.997	0.001	0.001	0.001
0.001	0.001	0.997	0.001
0.027	0.001	0.001	0.971
0.266	0.732	0.001	0.001
0.001	0.001	0.997	0.001
0.001	0.001	0.997	0.001
0.001	0.001	0.997	0.001
0.792	0.001	0.001	0.206
0.001	0.997	0.001	0.001
0.001	0.030	0.968	0.001
>GATACTGAGG	8-GATACTGAGG	10.953498	-61.003775	0	T:29.0(2.31%),B:45.9(0.12%),P:1e-26	Tpos:105.4,Tstd:73.3,Bpos:80.2,Bstd:44.7,StrandBias:-0.1,Multiplicity:1.00
0.001	0.001	0.997	0.001
0.942	0.001	0.001	0.056
0.001	0.001	0.001	0.997
0.997	0.001	0.001	0.001
0.001	0.997	0.001	0.001
0.001	0.001	0.001	0.997
0.001	0.001	0.997	0.001
0.997	0.001	0.001	0.001
0.001	0.001	0.997	0.001
0.001	0.001	0.997	0.001
>AWCCAASGAS	9-AWCCAASGAS	7.659888	-59.227358	0	T:29.0(2.31%),B:48.0(0.13%),P:1e-25	Tpos:102.5,Tstd:26.7,Bpos:101.6,Bstd:71.3,StrandBias:-0.3,Multiplicity:1.00
0.735	0.015	0.107	0.143
0.312	0.178	0.103	0.407
0.278	0.430	0.100	0.193
0.012	0.760	0.035	0.193
0.595	0.103	0.267	0.035
0.513	0.210	0.276	0.001
0.068	0.459	0.437	0.037
0.001	0.090	0.665	0.244
0.506	0.106	0.289	0.099
0.001	0.439	0.559	0.001
>TTAATTAATY	10-TTAATTAATY	13.023117	-55.396345	0	T:30.0(2.39%),B:61.2(0.16%),P:1e-24	Tpos:83.0,Tstd:34.0,Bpos:102.4,Bstd:68.2,StrandBias:-0.3,Multiplicity:1.00
0.001	0.010	0.001	0.988
0.001	0.001	0.001	0.997
0.985	0.001	0.013	0.001
0.990	0.008	0.001	0.001
0.001	0.001	0.011	0.987
0.001	0.007	0.004	0.988
0.997	0.001	0.001	0.001
0.985	0.009	0.005	0.001
0.007	0.001	0.010	0.982
0.089	0.431	0.001	0.478
>TGYGCTGYGC	11-TGYGCTGYGC	5.064286	-50.276501	0	T:456.0(36.31%),B:8971.5(24.01%),P:1e-21	Tpos:100.8,Tstd:57.0,Bpos:99.4,Bstd:128.0,StrandBias:0.0,Multiplicity:1.54
0.213	0.001	0.151	0.635
0.069	0.143	0.745	0.043
0.001	0.465	0.181	0.353
0.159	0.109	0.720	0.012
0.023	0.844	0.086	0.047
0.313	0.034	0.130	0.523
0.096	0.135	0.768	0.001
0.013	0.484	0.150	0.353
0.205	0.153	0.613	0.029
0.023	0.612	0.144	0.221
>TTTTTTTTTT	12-TTTTTTTTTT	6.657754	-48.351632	0	T:362.0(28.82%),B:6664.0(17.84%),P:1e-20	Tpos:94.3,Tstd:48.8,Bpos:99.0,Bstd:74.2,StrandBias:0.3,Multiplicity:1.23
0.177	0.041	0.019	0.763
0.161	0.055	0.174	0.610
0.201	0.188	0.098	0.513
0.042	0.348	0.019	0.591
0.190	0.159	0.001	0.650
0.261	0.136	0.045	0.558
0.165	0.025	0.100	0.710
0.220	0.021	0.044	0.715
0.151	0.077	0.085	0.687
0.168	0.140	0.016	0.676
>TTTTTTTCCG	13-TTTTTTTCCG	6.483222	-47.535565	0	T:405.0(32.25%),B:7776.3(20.82%),P:1e-20	Tpos:96.6,Tstd:46.6,Bpos:98.8,Bstd:75.4,StrandBias:-0.1,Multiplicity:1.34
0.054	0.064	0.035	0.847
0.086	0.068	0.031	0.815
0.059	0.085	0.037	0.819
0.071	0.067	0.035	0.827
0.082	0.034	0.055	0.829
0.033	0.056	0.057	0.854
0.027	0.064	0.031	0.878
0.081	0.683	0.095	0.141
0.060	0.719	0.103	0.118
0.080	0.062	0.729	0.129
>TGNMTGVCTG	14-TGNMTGVCTG	5.482869	-45.064447	0	T:135.0(10.75%),B:1670.2(4.47%),P:1e-19	Tpos:101.7,Tstd:53.1,Bpos:98.9,Bstd:95.9,StrandBias:-0.3,Multiplicity:1.07
0.183	0.135	0.152	0.530
0.211	0.111	0.517	0.161
0.295	0.296	0.163	0.246
0.289	0.407	0.156	0.147
0.232	0.006	0.001	0.761
0.194	0.193	0.609	0.004
0.364	0.273	0.251	0.112
0.239	0.411	0.221	0.130
0.013	0.170	0.004	0.813
0.162	0.212	0.483	0.143
>GTGTAGTGTA	15-GTGTAGTGTA	6.251648	-42.386219	0	T:258.0(20.54%),B:4385.6(11.74%),P:1e-18	Tpos:107.7,Tstd:62.0,Bpos:96.5,Bstd:94.2,StrandBias:-0.2,Multiplicity:1.31
0.093	0.104	0.713	0.090
0.091	0.095	0.115	0.699
0.120	0.095	0.685	0.100
0.087	0.138	0.091	0.684
0.715	0.079	0.098	0.108
0.104	0.120	0.670	0.106
0.095	0.116	0.104	0.685
0.104	0.084	0.726	0.086
0.086	0.097	0.092	0.725
0.702	0.094	0.121	0.083
>AGAGAGAGGG	16-AGAGAGAGGG	4.497580	-37.557482	0	T:447.0(35.59%),B:9341.0(25.00%),P:1e-16	Tpos:98.4,Tstd:58.2,Bpos:98.0,Bstd:108.2,StrandBias:0.1,Multiplicity:1.44
0.598	0.120	0.159	0.123
0.136	0.126	0.598	0.140
0.600	0.122	0.151	0.127
0.135	0.142	0.608	0.115
0.592	0.125	0.143	0.140
0.148	0.134	0.597	0.121
0.589	0.129	0.152	0.130
0.150	0.126	0.609	0.115
0.151	0.120	0.601	0.128
0.139	0.128	0.607	0.126
>ACACACACAC	17-ACACACACAC	5.943227	-35.229153	0	T:348.0(27.71%),B:6877.1(18.41%),P:1e-15	Tpos:100.1,Tstd:58.5,Bpos:97.7,Bstd:106.4,StrandBias:-0.0,Multiplicity:1.25
0.817	0.064	0.079	0.040
0.029	0.833	0.078	0.060
0.750	0.119	0.045	0.086
0.079	0.733	0.100	0.088
0.832	0.070	0.062	0.036
0.054	0.836	0.042	0.068
0.847	0.073	0.040	0.040
0.071	0.742	0.107	0.080
0.825	0.083	0.047	0.045
0.043	0.792	0.075	0.090
>DYAAKTCAAT	18-DYAAKTCAAT	7.779305	-34.491043	0	T:30.0(2.39%),B:132.9(0.36%),P:1e-14	Tpos:97.0,Tstd:28.8,Bpos:105.6,Bstd:58.6,StrandBias:-0.2,Multiplicity:1.00
0.252	0.034	0.324	0.390
0.001	0.505	0.001	0.493
0.738	0.105	0.125	0.032
0.635	0.128	0.137	0.100
0.012	0.115	0.374	0.499
0.127	0.102	0.072	0.699
0.080	0.548	0.329	0.043
0.608	0.190	0.080	0.122
0.597	0.115	0.175	0.113
0.342	0.048	0.059	0.551
>DTCMAGTCMA	19-DTCMAGTCMA	8.435738	-33.515926	0	T:33.0(2.63%),B:169.1(0.45%),P:1e-14	Tpos:100.7,Tstd:61.0,Bpos:102.2,Bstd:57.7,StrandBias:-0.1,Multiplicity:1.82
0.261	0.168	0.216	0.355
0.062	0.129	0.103	0.706
0.092	0.783	0.040	0.085
0.361	0.389	0.178	0.071
0.534	0.174	0.203	0.089
0.001	0.160	0.789	0.050
0.011	0.138	0.109	0.742
0.001	0.925	0.061	0.013
0.364	0.416	0.087	0.133
0.651	0.153	0.187	0.009
>ATMGGTGTCT	20-ATMGGTGTCT	9.483507	-32.702821	0	T:21.0(1.67%),B:60.4(0.16%),P:1e-14	Tpos:111.2,Tstd:63.7,Bpos:89.1,Bstd:58.7,StrandBias:0.6,Multiplicity:1.00
0.818	0.180	0.001	0.001
0.182	0.001	0.124	0.693
0.330	0.369	0.179	0.123
0.001	0.370	0.614	0.015
0.055	0.129	0.686	0.130
0.001	0.012	0.123	0.864
0.001	0.303	0.514	0.182
0.178	0.001	0.009	0.812
0.001	0.867	0.131	0.001
0.135	0.001	0.001	0.863
>TARTAATAAT	21-TARTAATAAT	9.822859	-32.099675	0	T:46.0(3.66%),B:344.6(0.92%),P:1e-13	Tpos:131.5,Tstd:47.7,Bpos:104.8,Bstd:70.6,StrandBias:-0.5,Multiplicity:1.07
0.043	0.128	0.041	0.788
0.765	0.232	0.001	0.002
0.485	0.001	0.511	0.003
0.333	0.126	0.003	0.538
0.814	0.013	0.001	0.172
0.714	0.280	0.001	0.005
0.043	0.135	0.005	0.817
0.645	0.340	0.014	0.001
0.854	0.135	0.010	0.001
0.025	0.008	0.276	0.691
>ATTGTCATGA	22-ATTGTCATGA	9.541626	-32.052557	0	T:26.0(2.07%),B:105.9(0.28%),P:1e-13	Tpos:101.7,Tstd:35.8,Bpos:103.3,Bstd:59.5,StrandBias:0.5,Multiplicity:1.04
0.911	0.035	0.026	0.028
0.001	0.259	0.001	0.739
0.035	0.026	0.026	0.913
0.001	0.001	0.792	0.206
0.001	0.001	0.025	0.973
0.109	0.889	0.001	0.001
0.980	0.001	0.001	0.018
0.019	0.032	0.001	0.948
0.029	0.001	0.969	0.001
0.912	0.001	0.027	0.060
>GCCTAGCCTG	23-GCCTAGCCTG	5.697353	-29.166177	0	T:242.0(19.27%),B:4515.2(12.09%),P:1e-12	Tpos:99.6,Tstd:57.8,Bpos:100.0,Bstd:131.7,StrandBias:0.3,Multiplicity:1.44
0.086	0.087	0.744	0.083
0.098	0.698	0.104	0.100
0.142	0.700	0.049	0.109
0.131	0.148	0.079	0.642
0.670	0.066	0.184	0.080
0.049	0.088	0.786	0.077
0.110	0.649	0.162	0.079
0.084	0.748	0.101	0.067
0.134	0.083	0.097	0.686
0.143	0.089	0.680	0.088
>GCTTACCTCT	24-GCTTACCTCT	10.916965	-24.982132	0	T:18.0(1.43%),B:63.0(0.17%),P:1e-10	Tpos:89.4,Tstd:57.9,Bpos:89.5,Bstd:71.4,StrandBias:-0.7,Multiplicity:1.06
0.001	0.001	0.997	0.001
0.001	0.997	0.001	0.001
0.001	0.001	0.099	0.899
0.001	0.001	0.001	0.997
0.891	0.001	0.001	0.107
0.001	0.997	0.001	0.001
0.001	0.931	0.001	0.067
0.001	0.001	0.001	0.997
0.001	0.997	0.001	0.001
0.001	0.001	0.001	0.997
>CTCATCTCAT	25-CTCATCTCAT	9.281919	-19.546327	0	T:37.0(2.95%),B:354.0(0.95%),P:1e-8	Tpos:100.8,Tstd:63.7,Bpos:100.0,Bstd:84.5,StrandBias:0.7,Multiplicity:1.92
0.001	0.946	0.001	0.052
0.001	0.007	0.001	0.991
0.021	0.957	0.021	0.001
0.954	0.001	0.034	0.011
0.001	0.001	0.001	0.997
0.021	0.961	0.001	0.017
0.019	0.001	0.044	0.936
0.027	0.902	0.070	0.001
0.887	0.001	0.040	0.072
0.023	0.016	0.018	0.943
