>AGAGAGGG	1-AGAGAGGG	6.120122	-53.754115	0	T:294.0(23.41%),B:4842.2(12.96%),P:1e-23	Tpos:98.0,Tstd:58.7,Bpos:97.5,Bstd:117.5,StrandBias:-0.2,Multiplicity:1.28
0.538	0.051	0.373	0.038
0.084	0.137	0.754	0.025
0.668	0.109	0.169	0.054
0.029	0.032	0.938	0.001
0.570	0.046	0.383	0.001
0.062	0.049	0.888	0.001
0.330	0.001	0.611	0.058
0.060	0.161	0.701	0.078
>CTGGVCTG	2-CTGGVCTG	4.964340	-51.779760	0	T:529.0(42.12%),B:10838.1(29.01%),P:1e-22	Tpos:99.4,Tstd:58.4,Bpos:100.5,Bstd:118.9,StrandBias:0.1,Multiplicity:1.72
0.151	0.694	0.076	0.079
0.173	0.150	0.001	0.676
0.363	0.001	0.635	0.001
0.028	0.174	0.651	0.147
0.309	0.263	0.390	0.038
0.001	0.781	0.026	0.192
0.219	0.111	0.002	0.668
0.190	0.111	0.632	0.067
>ACAGTASA	3-ACAGTASA	6.261985	-50.510829	0	T:307.0(24.44%),B:5253.5(14.06%),P:1e-21	Tpos:103.8,Tstd:59.6,Bpos:98.0,Bstd:92.1,StrandBias:0.0,Multiplicity:1.10
0.902	0.001	0.001	0.096
0.001	0.997	0.001	0.001
0.997	0.001	0.001	0.001
0.001	0.219	0.779	0.001
0.001	0.001	0.269	0.729
0.717	0.001	0.281	0.001
0.036	0.367	0.378	0.220
0.904	0.001	0.094	0.001
>TTTTTTCC	4-TTTTTTCC	6.891224	-49.272841	0	T:377.0(30.02%),B:6999.9(18.74%),P:1e-21	Tpos:100.2,Tstd:45.6,Bpos:102.1,Bstd:83.9,StrandBias:0.1,Multiplicity:1.34
0.001	0.057	0.037	0.905
0.001	0.001	0.001	0.997
0.001	0.001	0.001	0.997
0.011	0.001	0.001	0.987
0.001	0.032	0.001	0.966
0.001	0.107	0.001	0.891
0.065	0.641	0.073	0.221
0.103	0.740	0.092	0.065
>GTGAATCC	5-GTGAATCC	8.236954	-40.393740	0	T:34.0(2.71%),B:142.5(0.38%),P:1e-17	Tpos:107.9,Tstd:38.7,Bpos:94.8,Bstd:58.3,StrandBias:-0.3,Multiplicity:1.00
0.100	0.100	0.700	0.100
0.100	0.100	0.100	0.700
0.100	0.100	0.700	0.100
0.700	0.100	0.100	0.100
0.700	0.100	0.100	0.100
0.100	0.100	0.100	0.700
0.100	0.700	0.100	0.100
0.100	0.700	0.100	0.100
>CCCTACTA	6-CCCTACTA	10.546761	-39.442029	0	T:38.0(3.03%),B:189.0(0.51%),P:1e-17	Tpos:107.0,Tstd:67.8,Bpos:95.2,Bstd:75.8,StrandBias:-0.6,Multiplicity:1.05
0.001	0.997	0.001	0.001
0.001	0.997	0.001	0.001
0.001	0.997	0.001	0.001
0.001	0.001	0.001	0.997
0.593	0.001	0.001	0.405
0.001	0.997	0.001	0.001
0.001	0.001	0.001	0.997
0.997	0.001	0.001	0.001
>ACTAACGT	7-ACTAACGT	8.236954	-38.364200	0	T:31.0(2.47%),B:123.9(0.33%),P:1e-16	Tpos:104.3,Tstd:48.4,Bpos:87.2,Bstd:70.5,StrandBias:-0.1,Multiplicity:1.00
0.700	0.100	0.100	0.100
0.100	0.700	0.100	0.100
0.100	0.100	0.100	0.700
0.700	0.100	0.100	0.100
0.700	0.100	0.100	0.100
0.100	0.700	0.100	0.100
0.100	0.100	0.700	0.100
0.100	0.100	0.100	0.700
>TGTGTGTG	8-TGTGTGTG	4.607699	-36.900166	0	T:356.0(28.34%),B:7002.8(18.75%),P:1e-16	Tpos:97.6,Tstd:59.1,Bpos:97.8,Bstd:100.8,StrandBias:0.2,Multiplicity:1.29
0.034	0.018	0.041	0.907
0.047	0.040	0.892	0.021
0.020	0.034	0.001	0.945
0.055	0.038	0.906	0.001
0.039	0.001	0.001	0.959
0.066	0.001	0.932	0.001
0.031	0.026	0.037	0.906
0.051	0.001	0.947	0.001
>TCTAAGGT	9-TCTAAGGT	8.236954	-35.287355	0	T:30.0(2.39%),B:128.2(0.34%),P:1e-15	Tpos:100.7,Tstd:57.5,Bpos:85.0,Bstd:56.1,StrandBias:-0.2,Multiplicity:1.00
0.100	0.100	0.100	0.700
0.100	0.700	0.100	0.100
0.100	0.100	0.100	0.700
0.700	0.100	0.100	0.100
0.700	0.100	0.100	0.100
0.100	0.100	0.700	0.100
0.100	0.100	0.700	0.100
0.100	0.100	0.100	0.700
>AGTAACTA	10-AGTAACTA	8.843698	-34.992689	0	T:65.0(5.18%),B:596.9(1.60%),P:1e-15	Tpos:97.5,Tstd:50.4,Bpos:102.4,Bstd:86.7,StrandBias:-0.5,Multiplicity:1.06
0.997	0.001	0.001	0.001
0.001	0.001	0.997	0.001
0.001	0.001	0.001	0.997
0.997	0.001	0.001	0.001
0.997	0.001	0.001	0.001
0.092	0.799	0.108	0.001
0.001	0.001	0.001	0.997
0.997	0.001	0.001	0.001
>CCGATACT	11-CCGATACT	8.236954	-34.582630	0	T:32.0(2.55%),B:152.2(0.41%),P:1e-15	Tpos:106.4,Tstd:70.8,Bpos:88.5,Bstd:76.0,StrandBias:0.0,Multiplicity:1.00
0.100	0.700	0.100	0.100
0.100	0.700	0.100	0.100
0.100	0.100	0.700	0.100
0.700	0.100	0.100	0.100
0.100	0.100	0.100	0.700
0.700	0.100	0.100	0.100
0.100	0.700	0.100	0.100
0.100	0.100	0.100	0.700
>GGCATCCA	12-GGCATCCA	8.236954	-33.293481	0	T:35.0(2.79%),B:193.1(0.52%),P:1e-14	Tpos:92.7,Tstd:35.8,Bpos:104.3,Bstd:96.5,StrandBias:-0.2,Multiplicity:1.00
0.100	0.100	0.700	0.100
0.100	0.100	0.700	0.100
0.100	0.700	0.100	0.100
0.700	0.100	0.100	0.100
0.100	0.100	0.100	0.700
0.100	0.700	0.100	0.100
0.100	0.700	0.100	0.100
0.700	0.100	0.100	0.100
>GCTAAGCC	13-GCTAAGCC	4.951652	-31.124395	0	T:454.0(36.15%),B:9884.5(26.46%),P:1e-13	Tpos:98.7,Tstd:59.2,Bpos:100.8,Bstd:115.8,StrandBias:-0.2,Multiplicity:1.33
0.043	0.143	0.735	0.079
0.076	0.866	0.026	0.032
0.148	0.145	0.045	0.662
0.720	0.089	0.057	0.134
0.623	0.123	0.125	0.129
0.103	0.050	0.820	0.027
0.047	0.822	0.081	0.050
0.081	0.761	0.072	0.086
>ATTATTTC	14-ATTATTTC	5.401131	-29.934687	0	T:323.0(25.72%),B:6499.8(17.40%),P:1e-13	Tpos:106.8,Tstd:51.0,Bpos:99.0,Bstd:80.5,StrandBias:0.2,Multiplicity:1.41
0.598	0.001	0.001	0.400
0.001	0.001	0.001	0.997
0.003	0.001	0.001	0.995
0.976	0.022	0.001	0.001
0.001	0.001	0.001	0.997
0.001	0.001	0.001	0.997
0.023	0.001	0.004	0.972
0.001	0.594	0.004	0.401
>CCAAGGAG	15-CCAAGGAG	8.236954	-29.408507	0	T:38.0(3.03%),B:260.7(0.70%),P:1e-12	Tpos:94.9,Tstd:65.6,Bpos:94.8,Bstd:92.7,StrandBias:0.0,Multiplicity:1.00
0.100	0.700	0.100	0.100
0.100	0.700	0.100	0.100
0.700	0.100	0.100	0.100
0.700	0.100	0.100	0.100
0.100	0.100	0.700	0.100
0.100	0.100	0.700	0.100
0.700	0.100	0.100	0.100
0.100	0.100	0.700	0.100
>AWTAATTA	16-AWTAATTA	8.581355	-28.621315	0	T:38.0(3.03%),B:268.0(0.72%),P:1e-12	Tpos:92.5,Tstd:32.9,Bpos:100.7,Bstd:70.4,StrandBias:0.0,Multiplicity:1.13
0.843	0.090	0.001	0.066
0.285	0.069	0.244	0.401
0.001	0.135	0.001	0.863
0.907	0.091	0.001	0.001
0.688	0.179	0.001	0.132
0.085	0.092	0.095	0.728
0.195	0.081	0.001	0.723
0.849	0.149	0.001	0.001
>CAATTATA	17-CAATTATA	8.236954	-26.079052	0	T:32.0(2.55%),B:210.2(0.56%),P:1e-11	Tpos:103.3,Tstd:86.5,Bpos:94.7,Bstd:58.8,StrandBias:0.0,Multiplicity:1.00
0.100	0.700	0.100	0.100
0.700	0.100	0.100	0.100
0.700	0.100	0.100	0.100
0.100	0.100	0.100	0.700
0.100	0.100	0.100	0.700
0.700	0.100	0.100	0.100
0.100	0.100	0.100	0.700
0.700	0.100	0.100	0.100
>CGTACGTA	18-CGTACGTA	6.430251	-25.906877	0	T:111.0(8.84%),B:1635.1(4.38%),P:1e-11	Tpos:111.0,Tstd:58.1,Bpos:103.1,Bstd:100.2,StrandBias:-0.0,Multiplicity:1.12
0.022	0.921	0.001	0.056
0.001	0.001	0.997	0.001
0.043	0.029	0.021	0.907
0.893	0.075	0.001	0.031
0.001	0.916	0.013	0.070
0.038	0.028	0.923	0.011
0.079	0.043	0.190	0.688
0.945	0.017	0.026	0.012
>WGHCWGNC	19-WGHCWGNC	5.542448	-24.352148	0	T:275.0(21.89%),B:5567.0(14.90%),P:1e-10	Tpos:98.0,Tstd:56.0,Bpos:99.4,Bstd:114.7,StrandBias:0.1,Multiplicity:1.42
0.341	0.001	0.219	0.439
0.001	0.001	0.908	0.090
0.244	0.310	0.141	0.304
0.001	0.747	0.251	0.001
0.439	0.087	0.096	0.378
0.090	0.001	0.908	0.001
0.268	0.214	0.223	0.295
0.005	0.730	0.264	0.001
>TCAAGTCA	20-TCAAGTCA	8.236954	-21.348722	0	T:33.0(2.63%),B:269.4(0.72%),P:1e-9	Tpos:102.7,Tstd:58.1,Bpos:106.2,Bstd:88.7,StrandBias:-0.2,Multiplicity:1.78
0.100	0.100	0.100	0.700
0.100	0.700	0.100	0.100
0.700	0.100	0.100	0.100
0.700	0.100	0.100	0.100
0.100	0.100	0.700	0.100
0.100	0.100	0.100	0.700
0.100	0.700	0.100	0.100
0.700	0.100	0.100	0.100
>GAGGAATA	21-GAGGAATA	8.236954	-20.665637	0	T:35.0(2.79%),B:307.4(0.82%),P:1e-8	Tpos:104.1,Tstd:74.1,Bpos:99.5,Bstd:64.5,StrandBias:0.0,Multiplicity:1.00
0.100	0.100	0.700	0.100
0.700	0.100	0.100	0.100
0.100	0.100	0.700	0.100
0.100	0.100	0.700	0.100
0.700	0.100	0.100	0.100
0.700	0.100	0.100	0.100
0.100	0.100	0.100	0.700
0.700	0.100	0.100	0.100
>CTCGCCTC	22-CTCGCCTC	7.054943	-16.669369	0	T:68.0(5.41%),B:992.8(2.66%),P:1e-7	Tpos:99.6,Tstd:58.8,Bpos:92.1,Bstd:97.5,StrandBias:0.3,Multiplicity:1.68
0.001	0.997	0.001	0.001
0.001	0.001	0.001	0.997
0.001	0.997	0.001	0.001
0.125	0.001	0.873	0.001
0.001	0.854	0.001	0.144
0.001	0.997	0.001	0.001
0.001	0.001	0.001	0.997
0.001	0.997	0.001	0.001
>ACCATACC	23-ACCATACC	4.556555	-16.070891	0	T:87.0(6.93%),B:1417.3(3.79%),P:1e-6	Tpos:100.2,Tstd:58.8,Bpos:98.7,Bstd:93.5,StrandBias:-0.0,Multiplicity:1.20
0.997	0.001	0.001	0.001
0.001	0.877	0.121	0.001
0.001	0.997	0.001	0.001
0.871	0.001	0.001	0.127
0.001	0.001	0.014	0.984
0.997	0.001	0.001	0.001
0.001	0.997	0.001	0.001
0.001	0.997	0.001	0.001
>CAACAGCT	24-CAACAGCT	8.236954	-13.683711	0	T:33.0(2.63%),B:376.2(1.01%),P:1e-5	Tpos:99.9,Tstd:26.4,Bpos:102.6,Bstd:88.2,StrandBias:0.4,Multiplicity:1.00
0.100	0.700	0.100	0.100
0.700	0.100	0.100	0.100
0.700	0.100	0.100	0.100
0.100	0.700	0.100	0.100
0.700	0.100	0.100	0.100
0.100	0.100	0.700	0.100
0.100	0.700	0.100	0.100
0.100	0.100	0.100	0.700
>AATTRWAT	25-AATTRWAT	6.974748	-8.589696	0	T:61.0(4.86%),B:1111.3(2.97%),P:1e-3	Tpos:108.1,Tstd:45.1,Bpos:103.7,Bstd:62.4,StrandBias:0.3,Multiplicity:1.07
0.677	0.133	0.066	0.124
0.773	0.183	0.043	0.001
0.001	0.033	0.170	0.796
0.001	0.091	0.074	0.834
0.481	0.171	0.345	0.002
0.344	0.137	0.174	0.346
0.821	0.007	0.171	0.001
0.281	0.074	0.164	0.482
