>AGKCCAGTCCAA	10-AGKCCAGTCCAA	9.892724	-50.227929	0	T:46.0(2.19%),B:118.9(0.34%),P:1e-21
0.856	0.001	0.001	0.142
0.331	0.062	0.525	0.082
0.080	0.188	0.322	0.411
0.001	0.878	0.030	0.091
0.001	0.939	0.059	0.001
0.712	0.059	0.001	0.228
0.267	0.216	0.438	0.079
0.141	0.001	0.001	0.857
0.001	0.868	0.083	0.048
0.078	0.630	0.001	0.291
0.880	0.118	0.001	0.001
0.581	0.119	0.181	0.119
