>GTYTGGTBYTGB	20-VCARVACCARAC	7.960982	-10.842468	0	T:37.0(1.77%),B:286.4(0.82%),P:1e-4
0.219	0.267	0.487	0.026
0.126	0.020	0.240	0.614
0.017	0.529	0.013	0.441
0.008	0.009	0.178	0.805
0.006	0.146	0.829	0.019
0.176	0.282	0.533	0.009
0.240	0.009	0.233	0.518
0.144	0.199	0.319	0.338
0.018	0.454	0.182	0.346
0.292	0.098	0.141	0.469
0.019	0.332	0.623	0.026
0.144	0.260	0.342	0.255
