>TTTTAATTTATT	22-TTTTAATTTATT	13.020173	-6.255757	0	T:3.0(0.14%),B:4.6(0.01%),P:1e-2
0.001	0.001	0.036	0.962
0.283	0.037	0.037	0.643
0.001	0.148	0.037	0.814
0.259	0.009	0.001	0.731
0.532	0.074	0.111	0.283
0.736	0.001	0.001	0.262
0.074	0.112	0.037	0.777
0.111	0.001	0.001	0.887
0.111	0.001	0.111	0.777
0.766	0.038	0.121	0.075
0.037	0.001	0.037	0.925
0.037	0.037	0.001	0.925
