>CAAGDCARWABR	6-CAAGDCARWABR,BestGuess:YML081W(MacIsaac)/Yeast(0.613)	8.113972	-67.065742	0	T:25.0(1.19%),B:12.7(0.04%),P:1e-29
0.044	0.836	0.076	0.044
0.627	0.297	0.044	0.032
0.715	0.025	0.228	0.032
0.241	0.209	0.518	0.032
0.266	0.139	0.228	0.367
0.044	0.481	0.209	0.266
0.468	0.025	0.209	0.298
0.374	0.025	0.430	0.171
0.411	0.165	0.101	0.323
0.564	0.196	0.177	0.063
0.025	0.285	0.354	0.335
0.367	0.057	0.513	0.063
