>AGCTTGAGCTTG	23-AGCTTGAGCTTG,BestGuess:NR6A1/MA1541.1/Jaspar(0.745)	8.819694	-6.219503	0	T:64.0(3.05%),B:727.8(2.08%),P:1e-2
0.872	0.060	0.001	0.067
0.134	0.190	0.657	0.019
0.133	0.609	0.067	0.191
0.192	0.067	0.001	0.740
0.152	0.044	0.175	0.629
0.154	0.180	0.665	0.001
0.875	0.016	0.001	0.108
0.069	0.103	0.686	0.142
0.001	0.861	0.012	0.126
0.064	0.103	0.060	0.773
0.069	0.086	0.001	0.844
0.001	0.245	0.558	0.196
