>TTADTADTAATA	11-TATTAHTAHTAA	10.277119	-47.091149	0	T:38.0(1.81%),B:84.0(0.24%),P:1e-20
0.319	0.041	0.083	0.557
0.152	0.069	0.014	0.765
0.728	0.001	0.091	0.180
0.313	0.083	0.296	0.309
0.093	0.042	0.014	0.851
0.718	0.001	0.110	0.171
0.370	0.023	0.346	0.261
0.332	0.137	0.001	0.530
0.892	0.014	0.014	0.080
0.505	0.082	0.069	0.344
0.166	0.173	0.001	0.660
0.904	0.027	0.001	0.068
