>TATTAHTAHTAA	11-TATTAHTAHTAA,BestGuess:Ubx/dmmpmm(Down)/fly(0.737)	10.277119	-47.091149	0	T:38.0(1.81%),B:84.0(0.24%),P:1e-20
0.068	0.001	0.027	0.904
0.660	0.001	0.173	0.166
0.344	0.069	0.082	0.505
0.080	0.014	0.014	0.892
0.530	0.001	0.137	0.332
0.261	0.346	0.023	0.370
0.171	0.110	0.001	0.718
0.851	0.014	0.042	0.093
0.309	0.296	0.083	0.313
0.180	0.091	0.001	0.728
0.765	0.014	0.069	0.152
0.557	0.083	0.041	0.319
