>CCAVSYCAAGCC	13-CCAVSYCAAGCC	6.320599	-28.348554	0	T:520.0(24.81%),B:6469.9(18.50%),P:1e-12
0.117	0.500	0.061	0.322
0.289	0.680	0.030	0.001
0.799	0.001	0.001	0.199
0.264	0.218	0.362	0.156
0.001	0.333	0.410	0.255
0.191	0.435	0.007	0.367
0.170	0.772	0.057	0.001
0.835	0.048	0.034	0.083
0.919	0.001	0.001	0.079
0.217	0.159	0.563	0.061
0.086	0.626	0.242	0.046
0.093	0.645	0.092	0.170
