>TAGAGTAGAGTA	12-TAGAGTAGAGTA,BestGuess:RBM28(RRM)/Homo_sapiens-RNCMPT00049-PBM/HughesRNA(0.710)	7.046681	-28.739897	0	T:151.0(7.20%),B:1337.0(3.82%),P:1e-12
0.068	0.114	0.079	0.739
0.713	0.071	0.120	0.096
0.060	0.084	0.776	0.080
0.767	0.076	0.063	0.094
0.081	0.065	0.800	0.054
0.115	0.101	0.078	0.706
0.759	0.052	0.091	0.098
0.086	0.078	0.775	0.061
0.764	0.064	0.079	0.093
0.090	0.084	0.778	0.048
0.095	0.124	0.111	0.670
0.751	0.060	0.064	0.125
