>CTGTGTGTGTST	16-CTGTGTGTGTST	7.084896	-22.387231	0	T:272.0(12.98%),B:3089.3(8.84%),P:1e-9
0.085	0.593	0.321	0.001
0.001	0.001	0.131	0.867
0.118	0.244	0.637	0.001
0.001	0.212	0.001	0.786
0.106	0.236	0.476	0.182
0.001	0.001	0.044	0.954
0.165	0.073	0.498	0.263
0.090	0.129	0.047	0.734
0.046	0.339	0.491	0.124
0.135	0.196	0.001	0.668
0.001	0.549	0.449	0.001
0.001	0.136	0.046	0.817
