>TACTCTACTCTA	12-TAGAGTAGAGTA	7.046681	-28.739897	0	T:151.0(7.20%),B:1337.0(3.82%),P:1e-12
0.125	0.064	0.060	0.751
0.670	0.111	0.124	0.095
0.048	0.778	0.084	0.090
0.093	0.079	0.064	0.764
0.061	0.775	0.078	0.086
0.098	0.091	0.052	0.759
0.706	0.078	0.101	0.115
0.054	0.800	0.065	0.081
0.094	0.063	0.076	0.767
0.080	0.776	0.084	0.060
0.096	0.120	0.071	0.713
0.739	0.079	0.114	0.068
