>TGTGTGTGTGTG	18-CACACACACACA	2.414316	-16.250769	0	T:957.0(45.66%),B:13989.0(40.01%),P:1e-7
0.129	0.001	0.001	0.869
0.042	0.001	0.956	0.001
0.217	0.043	0.001	0.739
0.087	0.043	0.869	0.001
0.043	0.001	0.043	0.913
0.043	0.087	0.783	0.087
0.043	0.130	0.087	0.740
0.001	0.043	0.826	0.130
0.087	0.043	0.174	0.696
0.042	0.001	0.956	0.001
0.043	0.043	0.130	0.784
0.087	0.043	0.869	0.001
