>VCARVACCARAC	20-VCARVACCARAC,BestGuess:PB0060.1_Smad3_1/Jaspar(0.703)	7.960982	-10.842468	0	T:37.0(1.77%),B:286.4(0.82%),P:1e-4
0.255	0.342	0.260	0.144
0.026	0.623	0.332	0.019
0.469	0.141	0.098	0.292
0.346	0.182	0.454	0.018
0.338	0.319	0.199	0.144
0.518	0.233	0.009	0.240
0.009	0.533	0.282	0.176
0.019	0.829	0.146	0.006
0.805	0.178	0.009	0.008
0.441	0.013	0.529	0.017
0.614	0.240	0.020	0.126
0.026	0.487	0.267	0.219
