>NNCAGTCCAAYN	17-NNCAGTCCAAYN	4.716873	-20.237713	0	T:671.0(32.01%),B:9156.2(26.19%),P:1e-8
0.222	0.269	0.245	0.264
0.211	0.351	0.220	0.218
0.036	0.683	0.172	0.109
0.499	0.229	0.181	0.091
0.032	0.109	0.815	0.044
0.131	0.167	0.251	0.451
0.073	0.758	0.108	0.061
0.059	0.642	0.185	0.114
0.449	0.176	0.189	0.186
0.456	0.200	0.218	0.126
0.179	0.367	0.181	0.273
0.267	0.214	0.271	0.248
