>CTAGDCTG	1-CTAGDCTG	4.526552	-40.407745	0	T:1359.0(57.54%),B:17421.3(48.64%),P:1e-17	Tpos:101.4,Tstd:59.5,Bpos:99.1,Bstd:113.1,StrandBias:-0.1,Multiplicity:1.67
0.171	0.409	0.224	0.196
0.148	0.001	0.001	0.850
0.557	0.055	0.305	0.083
0.044	0.285	0.629	0.042
0.364	0.121	0.283	0.231
0.001	0.857	0.141	0.001
0.137	0.001	0.033	0.829
0.196	0.116	0.651	0.037
>TAGGTAAG	2-TAGGTAAG	5.009055	-32.455719	0	T:501.0(21.21%),B:5460.7(15.25%),P:1e-14	Tpos:104.5,Tstd:58.2,Bpos:97.5,Bstd:102.0,StrandBias:0.1,Multiplicity:1.21
0.081	0.070	0.086	0.763
0.709	0.084	0.134	0.073
0.074	0.095	0.710	0.121
0.045	0.101	0.769	0.085
0.071	0.110	0.042	0.777
0.712	0.138	0.086	0.064
0.746	0.127	0.041	0.086
0.030	0.093	0.823	0.054
>CGAGCGTA	3-CGAGCGTA	6.234316	-27.903066	0	T:248.0(10.50%),B:2359.5(6.59%),P:1e-12	Tpos:93.4,Tstd:57.8,Bpos:99.8,Bstd:111.1,StrandBias:-0.0,Multiplicity:1.06
0.001	0.883	0.080	0.036
0.076	0.001	0.911	0.012
0.898	0.043	0.032	0.027
0.093	0.026	0.880	0.001
0.001	0.790	0.001	0.208
0.043	0.001	0.943	0.013
0.037	0.001	0.190	0.772
0.969	0.001	0.001	0.029
>CCAACCCA	4-CCAACCCA	5.359068	-24.324706	0	T:758.0(32.09%),B:9319.1(26.02%),P:1e-10	Tpos:99.8,Tstd:58.9,Bpos:102.0,Bstd:111.3,StrandBias:-0.3,Multiplicity:1.29
0.054	0.763	0.092	0.091
0.170	0.644	0.082	0.104
0.896	0.029	0.011	0.064
0.763	0.046	0.091	0.100
0.129	0.627	0.174	0.070
0.020	0.860	0.086	0.034
0.091	0.794	0.072	0.043
0.656	0.187	0.068	0.089
>AGACACAC	5-AGACACAC	4.887693	-22.774764	0	T:963.0(40.77%),B:12353.3(34.49%),P:1e-9	Tpos:102.6,Tstd:58.7,Bpos:99.6,Bstd:107.8,StrandBias:-0.1,Multiplicity:1.32
0.787	0.065	0.107	0.041
0.113	0.090	0.684	0.113
0.713	0.030	0.103	0.154
0.026	0.780	0.119	0.075
0.766	0.077	0.083	0.074
0.121	0.768	0.069	0.042
0.754	0.104	0.097	0.045
0.059	0.752	0.119	0.070
>CTATACTG	6-CTATACTG	5.464661	-21.481809	0	T:482.0(20.41%),B:5603.9(15.65%),P:1e-9	Tpos:102.0,Tstd:61.2,Bpos:100.3,Bstd:104.3,StrandBias:0.1,Multiplicity:1.18
0.037	0.752	0.156	0.055
0.034	0.089	0.081	0.796
0.612	0.118	0.187	0.083
0.078	0.036	0.047	0.839
0.695	0.086	0.109	0.110
0.021	0.849	0.111	0.019
0.049	0.108	0.102	0.741
0.079	0.171	0.722	0.028
>CCCTACTA	7-CCCTACTA	10.708352	-21.446694	0	T:33.0(1.40%),B:136.1(0.38%),P:1e-9	Tpos:101.0,Tstd:63.1,Bpos:87.4,Bstd:69.8,StrandBias:-0.6,Multiplicity:1.09
0.001	0.997	0.001	0.001
0.001	0.997	0.001	0.001
0.001	0.997	0.001	0.001
0.001	0.001	0.001	0.997
0.697	0.001	0.001	0.301
0.001	0.997	0.001	0.001
0.001	0.001	0.001	0.997
0.997	0.001	0.001	0.001
>TCAAGGCT	8-TCAAGGCT	7.218801	-18.815570	0	T:259.0(10.97%),B:2743.6(7.66%),P:1e-8	Tpos:100.9,Tstd:60.4,Bpos:103.6,Bstd:101.2,StrandBias:0.1,Multiplicity:1.06
0.073	0.089	0.046	0.792
0.051	0.788	0.075	0.086
0.926	0.028	0.001	0.045
0.887	0.044	0.068	0.001
0.001	0.034	0.964	0.001
0.057	0.036	0.864	0.043
0.001	0.905	0.093	0.001
0.001	0.001	0.070	0.928
>CTGACTGT	9-CTGACTGT	7.333093	-18.401127	0	T:152.0(6.44%),B:1423.4(3.97%),P:1e-7	Tpos:108.6,Tstd:56.2,Bpos:95.7,Bstd:106.6,StrandBias:-0.3,Multiplicity:1.31
0.077	0.891	0.031	0.001
0.017	0.001	0.001	0.981
0.001	0.059	0.824	0.116
0.743	0.100	0.001	0.156
0.023	0.932	0.018	0.027
0.001	0.001	0.032	0.966
0.020	0.001	0.978	0.001
0.236	0.001	0.001	0.762
>GCATGCAA	10-GCATGCAA	6.525959	-18.213719	0	T:274.0(11.60%),B:2956.5(8.25%),P:1e-7	Tpos:98.9,Tstd:55.4,Bpos:101.4,Bstd:105.5,StrandBias:-0.1,Multiplicity:1.06
0.066	0.001	0.932	0.001
0.139	0.613	0.127	0.121
0.997	0.001	0.001	0.001
0.001	0.001	0.001	0.997
0.017	0.053	0.929	0.001
0.001	0.997	0.001	0.001
0.781	0.001	0.123	0.095
0.626	0.001	0.212	0.161
>TTGCATTG	11-TTGCATTG	7.103747	-17.688206	0	T:225.0(9.53%),B:2344.3(6.55%),P:1e-7	Tpos:93.5,Tstd:53.1,Bpos:103.7,Bstd:94.4,StrandBias:-0.1,Multiplicity:1.14
0.044	0.066	0.001	0.889
0.001	0.091	0.001	0.907
0.051	0.001	0.947	0.001
0.234	0.648	0.050	0.068
0.800	0.001	0.087	0.112
0.001	0.001	0.001	0.997
0.001	0.001	0.001	0.997
0.041	0.044	0.876	0.039
>GTGAATCC	12-GTGAATCC	8.236954	-16.354485	0	T:30.0(1.27%),B:144.4(0.40%),P:1e-7	Tpos:102.9,Tstd:41.8,Bpos:89.1,Bstd:86.3,StrandBias:-0.2,Multiplicity:1.00
0.100	0.100	0.700	0.100
0.100	0.100	0.100	0.700
0.100	0.100	0.700	0.100
0.700	0.100	0.100	0.100
0.700	0.100	0.100	0.100
0.100	0.100	0.100	0.700
0.100	0.700	0.100	0.100
0.100	0.700	0.100	0.100
>WCTAASGT	13-WCTAASGT	9.784530	-15.966207	0	T:25.0(1.06%),B:107.8(0.30%),P:1e-6	Tpos:107.7,Tstd:51.4,Bpos:77.8,Bstd:83.8,StrandBias:0.1,Multiplicity:1.00
0.542	0.001	0.001	0.456
0.001	0.997	0.001	0.001
0.001	0.001	0.001	0.997
0.997	0.001	0.001	0.001
0.997	0.001	0.001	0.001
0.001	0.509	0.489	0.001
0.001	0.001	0.997	0.001
0.001	0.001	0.001	0.997
>CAATTATA	14-CAATTATA	8.236954	-15.134890	0	T:25.0(1.06%),B:112.4(0.31%),P:1e-6	Tpos:92.2,Tstd:80.3,Bpos:103.5,Bstd:71.4,StrandBias:0.0,Multiplicity:1.00
0.100	0.700	0.100	0.100
0.700	0.100	0.100	0.100
0.700	0.100	0.100	0.100
0.100	0.100	0.100	0.700
0.100	0.100	0.100	0.700
0.700	0.100	0.100	0.100
0.100	0.100	0.100	0.700
0.700	0.100	0.100	0.100
>TCATCTCA	15-TCATCTCA	6.489339	-14.948116	0	T:125.0(5.29%),B:1180.8(3.30%),P:1e-6	Tpos:83.9,Tstd:56.6,Bpos:101.1,Bstd:100.3,StrandBias:0.2,Multiplicity:1.33
0.001	0.001	0.001	0.997
0.001	0.803	0.001	0.195
0.997	0.001	0.001	0.001
0.301	0.001	0.001	0.697
0.001	0.923	0.075	0.001
0.001	0.001	0.001	0.997
0.001	0.997	0.001	0.001
0.997	0.001	0.001	0.001
>GAGAACAA	16-GAGAACAA	8.307367	-14.417489	0	T:160.0(6.77%),B:1622.6(4.53%),P:1e-6	Tpos:105.7,Tstd:53.4,Bpos:96.2,Bstd:104.1,StrandBias:-0.0,Multiplicity:1.03
0.001	0.001	0.997	0.001
0.997	0.001	0.001	0.001
0.001	0.157	0.758	0.084
0.997	0.001	0.001	0.001
0.838	0.160	0.001	0.001
0.001	0.997	0.001	0.001
0.997	0.001	0.001	0.001
0.892	0.001	0.106	0.001
>NCTAAGGC	17-NCTAAGGC	6.673337	-13.157298	0	T:199.0(8.43%),B:2157.5(6.02%),P:1e-5	Tpos:100.9,Tstd:60.1,Bpos:98.3,Bstd:111.1,StrandBias:0.0,Multiplicity:1.25
0.279	0.287	0.254	0.180
0.001	0.915	0.001	0.083
0.001	0.001	0.001	0.997
0.478	0.198	0.001	0.323
0.954	0.044	0.001	0.001
0.002	0.060	0.937	0.001
0.165	0.157	0.672	0.006
0.167	0.517	0.060	0.256
>AGTAAATA	18-AGTAAATA	10.800135	-12.395111	0	T:25.0(1.06%),B:131.1(0.37%),P:1e-5	Tpos:104.3,Tstd:51.9,Bpos:100.1,Bstd:67.1,StrandBias:-0.6,Multiplicity:1.04
0.997	0.001	0.001	0.001
0.234	0.001	0.764	0.001
0.001	0.001	0.001	0.997
0.997	0.001	0.001	0.001
0.997	0.001	0.001	0.001
0.997	0.001	0.001	0.001
0.001	0.001	0.001	0.997
0.997	0.001	0.001	0.001
>ACATTATT	19-ACATTATT	8.236954	-11.024869	0	T:32.0(1.35%),B:208.4(0.58%),P:1e-4	Tpos:113.3,Tstd:49.3,Bpos:91.0,Bstd:104.9,StrandBias:0.1,Multiplicity:1.00
0.700	0.100	0.100	0.100
0.100	0.700	0.100	0.100
0.700	0.100	0.100	0.100
0.100	0.100	0.100	0.700
0.100	0.100	0.100	0.700
0.700	0.100	0.100	0.100
0.100	0.100	0.100	0.700
0.100	0.100	0.100	0.700
>CACGCACG	20-CACGCACG	10.957273	-9.982159	0	T:33.0(1.40%),B:230.7(0.64%),P:1e-4	Tpos:78.0,Tstd:56.5,Bpos:88.5,Bstd:110.1,StrandBias:-0.6,Multiplicity:1.30
0.001	0.997	0.001	0.001
0.997	0.001	0.001	0.001
0.001	0.997	0.001	0.001
0.001	0.001	0.997	0.001
0.001	0.997	0.001	0.001
0.997	0.001	0.001	0.001
0.001	0.894	0.104	0.001
0.001	0.001	0.997	0.001
>ATTAWTAA	21-ATTAWTAA	6.818168	-3.280282	0	T:60.0(2.54%),B:714.5(1.99%),P:1e-1	Tpos:104.1,Tstd:57.6,Bpos:101.7,Bstd:86.4,StrandBias:0.2,Multiplicity:1.17
0.674	0.101	0.063	0.162
0.194	0.077	0.087	0.642
0.187	0.022	0.010	0.781
0.858	0.073	0.046	0.023
0.440	0.120	0.077	0.363
0.021	0.041	0.077	0.861
0.519	0.083	0.147	0.251
0.506	0.118	0.070	0.306
