>TCTAGTGAAT	1-TCTAGTGAAT	10.296193	-49.695232	0	T:17.0(0.72%),B:6.6(0.02%),P:1e-21	Tpos:105.5,Tstd:39.9,Bpos:80.5,Bstd:53.6,StrandBias:0.2,Multiplicity:1.00
0.100	0.100	0.100	0.700
0.100	0.700	0.100	0.100
0.100	0.100	0.100	0.700
0.700	0.100	0.100	0.100
0.100	0.100	0.700	0.100
0.100	0.100	0.100	0.700
0.100	0.100	0.700	0.100
0.700	0.100	0.100	0.100
0.700	0.100	0.100	0.100
0.100	0.100	0.100	0.700
>GGGTTDGBCT	2-GGGTTDGBCT	4.895842	-44.671810	0	T:688.0(29.13%),B:7573.2(21.14%),P:1e-19	Tpos:100.4,Tstd:58.5,Bpos:100.7,Bstd:117.7,StrandBias:-0.1,Multiplicity:1.49
0.190	0.049	0.545	0.216
0.128	0.176	0.691	0.005
0.096	0.276	0.454	0.175
0.185	0.135	0.125	0.555
0.134	0.181	0.134	0.551
0.366	0.001	0.339	0.294
0.104	0.151	0.624	0.121
0.190	0.221	0.343	0.246
0.078	0.599	0.093	0.230
0.235	0.136	0.006	0.623
>AATTCAATTA	3-AATTCAATTA	10.296193	-43.144985	0	T:19.0(0.80%),B:13.6(0.04%),P:1e-18	Tpos:95.7,Tstd:23.1,Bpos:113.7,Bstd:33.1,StrandBias:0.2,Multiplicity:1.00
0.700	0.100	0.100	0.100
0.700	0.100	0.100	0.100
0.100	0.100	0.100	0.700
0.100	0.100	0.100	0.700
0.100	0.700	0.100	0.100
0.700	0.100	0.100	0.100
0.700	0.100	0.100	0.100
0.100	0.100	0.100	0.700
0.100	0.100	0.100	0.700
0.700	0.100	0.100	0.100
>GTCAGAAGAA	4-GTCAGAAGAA	10.296193	-42.338222	0	T:20.0(0.85%),B:16.5(0.05%),P:1e-18	Tpos:95.9,Tstd:71.9,Bpos:142.4,Bstd:34.8,StrandBias:0.6,Multiplicity:1.00
0.100	0.100	0.700	0.100
0.100	0.100	0.100	0.700
0.100	0.700	0.100	0.100
0.700	0.100	0.100	0.100
0.100	0.100	0.700	0.100
0.700	0.100	0.100	0.100
0.700	0.100	0.100	0.100
0.100	0.100	0.700	0.100
0.700	0.100	0.100	0.100
0.700	0.100	0.100	0.100
>AGTACTTAGT	5-AGTACTTAGT	10.116348	-36.958253	0	T:25.0(1.06%),B:39.1(0.11%),P:1e-16	Tpos:104.0,Tstd:52.6,Bpos:96.4,Bstd:81.7,StrandBias:-0.1,Multiplicity:1.00
0.997	0.001	0.001	0.001
0.176	0.001	0.822	0.001
0.001	0.001	0.001	0.997
0.997	0.001	0.001	0.001
0.001	0.764	0.085	0.150
0.001	0.001	0.001	0.997
0.109	0.001	0.001	0.889
0.997	0.001	0.001	0.001
0.001	0.201	0.797	0.001
0.001	0.001	0.001	0.997
>CCAACAGCTT	6-CCAACAGCTT	10.296193	-34.529100	0	T:19.0(0.80%),B:21.2(0.06%),P:1e-14	Tpos:95.5,Tstd:13.9,Bpos:104.0,Bstd:65.3,StrandBias:0.2,Multiplicity:1.00
0.100	0.700	0.100	0.100
0.100	0.700	0.100	0.100
0.700	0.100	0.100	0.100
0.700	0.100	0.100	0.100
0.100	0.700	0.100	0.100
0.700	0.100	0.100	0.100
0.100	0.100	0.700	0.100
0.100	0.700	0.100	0.100
0.100	0.100	0.100	0.700
0.100	0.100	0.100	0.700
>TATCCACTCC	7-TATCCACTCC	10.895477	-34.103404	0	T:30.0(1.27%),B:68.7(0.19%),P:1e-14	Tpos:102.6,Tstd:76.4,Bpos:89.2,Bstd:54.8,StrandBias:0.4,Multiplicity:1.00
0.014	0.006	0.001	0.979
0.997	0.001	0.001	0.001
0.001	0.001	0.001	0.997
0.064	0.919	0.016	0.001
0.001	0.887	0.111	0.001
0.443	0.129	0.243	0.185
0.001	0.737	0.261	0.001
0.001	0.254	0.001	0.744
0.001	0.997	0.001	0.001
0.001	0.756	0.242	0.001
>GAACAACAGT	8-GAACAACAGT	10.296193	-33.577216	0	T:18.0(0.76%),B:19.3(0.05%),P:1e-14	Tpos:107.3,Tstd:58.3,Bpos:88.5,Bstd:64.2,StrandBias:0.0,Multiplicity:1.00
0.100	0.100	0.700	0.100
0.700	0.100	0.100	0.100
0.700	0.100	0.100	0.100
0.100	0.700	0.100	0.100
0.700	0.100	0.100	0.100
0.700	0.100	0.100	0.100
0.100	0.700	0.100	0.100
0.700	0.100	0.100	0.100
0.100	0.100	0.700	0.100
0.100	0.100	0.100	0.700
>GGTCTAGCCT	9-GGTCTAGCCT	5.135123	-32.956698	0	T:753.0(31.88%),B:8878.3(24.79%),P:1e-14	Tpos:97.3,Tstd:60.2,Bpos:101.1,Bstd:110.7,StrandBias:-0.0,Multiplicity:1.25
0.067	0.155	0.648	0.130
0.136	0.148	0.587	0.129
0.156	0.024	0.005	0.815
0.093	0.759	0.112	0.036
0.090	0.105	0.111	0.694
0.660	0.145	0.142	0.053
0.124	0.116	0.617	0.143
0.133	0.658	0.108	0.101
0.053	0.721	0.111	0.115
0.054	0.033	0.072	0.841
>GTCAAAATGG	10-GTCAAAATGG	10.734809	-32.669347	0	T:17.0(0.72%),B:17.9(0.05%),P:1e-14	Tpos:99.9,Tstd:17.3,Bpos:114.7,Bstd:49.9,StrandBias:0.5,Multiplicity:1.00
0.001	0.001	0.997	0.001
0.001	0.001	0.001	0.997
0.001	0.997	0.001	0.001
0.997	0.001	0.001	0.001
0.953	0.001	0.045	0.001
0.997	0.001	0.001	0.001
0.997	0.001	0.001	0.001
0.001	0.001	0.001	0.997
0.001	0.001	0.997	0.001
0.001	0.001	0.997	0.001
>AATTAATTAA	11-AATTAATTAA	11.408230	-30.635396	0	T:20.0(0.85%),B:30.7(0.09%),P:1e-13	Tpos:132.4,Tstd:42.0,Bpos:100.2,Bstd:85.0,StrandBias:0.3,Multiplicity:1.00
0.891	0.043	0.003	0.063
0.861	0.048	0.032	0.059
0.086	0.001	0.017	0.896
0.162	0.030	0.001	0.807
0.997	0.001	0.001	0.001
0.982	0.007	0.010	0.001
0.130	0.019	0.060	0.791
0.087	0.243	0.018	0.652
0.457	0.213	0.285	0.045
0.671	0.052	0.268	0.009
>TTTCTACTAA	12-TTTCTACTAA	10.296193	-30.385403	0	T:18.0(0.76%),B:23.6(0.07%),P:1e-13	Tpos:107.9,Tstd:44.4,Bpos:65.3,Bstd:69.5,StrandBias:-0.3,Multiplicity:1.00
0.100	0.100	0.100	0.700
0.100	0.100	0.100	0.700
0.100	0.100	0.100	0.700
0.100	0.700	0.100	0.100
0.100	0.100	0.100	0.700
0.700	0.100	0.100	0.100
0.100	0.700	0.100	0.100
0.100	0.100	0.100	0.700
0.700	0.100	0.100	0.100
0.700	0.100	0.100	0.100
>CCCTTCTACC	13-CCCTTCTACC	9.973806	-30.290579	0	T:38.0(1.61%),B:128.8(0.36%),P:1e-13	Tpos:96.9,Tstd:61.3,Bpos:77.4,Bstd:90.4,StrandBias:-0.1,Multiplicity:1.47
0.001	0.997	0.001	0.001
0.001	0.997	0.001	0.001
0.001	0.742	0.001	0.256
0.001	0.001	0.001	0.997
0.073	0.001	0.017	0.909
0.001	0.911	0.087	0.001
0.001	0.001	0.001	0.997
0.929	0.001	0.001	0.069
0.261	0.737	0.001	0.001
0.001	0.613	0.385	0.001
>ACCTTACACT	14-ACCTTACACT	4.641520	-29.983097	0	T:634.0(26.84%),B:7344.9(20.51%),P:1e-13	Tpos:104.0,Tstd:57.5,Bpos:99.0,Bstd:98.2,StrandBias:0.2,Multiplicity:1.20
0.708	0.090	0.099	0.103
0.097	0.713	0.091	0.099
0.124	0.681	0.102	0.093
0.099	0.100	0.106	0.695
0.098	0.109	0.098	0.695
0.742	0.071	0.097	0.090
0.102	0.692	0.108	0.098
0.691	0.094	0.103	0.112
0.095	0.692	0.109	0.104
0.108	0.106	0.092	0.694
>ATCCAACGAC	15-ATCCAACGAC	10.504732	-27.876744	0	T:22.0(0.93%),B:44.6(0.12%),P:1e-12	Tpos:102.7,Tstd:40.2,Bpos:89.7,Bstd:50.2,StrandBias:-0.8,Multiplicity:1.00
0.997	0.001	0.001	0.001
0.001	0.001	0.001	0.997
0.001	0.997	0.001	0.001
0.001	0.960	0.001	0.038
0.997	0.001	0.001	0.001
0.997	0.001	0.001	0.001
0.001	0.997	0.001	0.001
0.001	0.001	0.997	0.001
0.997	0.001	0.001	0.001
0.060	0.938	0.001	0.001
>CGTACGCACG	16-CGTACGCACG	6.732158	-27.759681	0	T:150.0(6.35%),B:1218.8(3.40%),P:1e-12	Tpos:97.9,Tstd:61.0,Bpos:102.1,Bstd:106.0,StrandBias:-0.5,Multiplicity:1.08
0.072	0.740	0.104	0.084
0.043	0.062	0.802	0.093
0.027	0.073	0.034	0.866
0.853	0.067	0.024	0.056
0.070	0.772	0.075	0.083
0.074	0.034	0.851	0.041
0.071	0.805	0.079	0.045
0.801	0.067	0.043	0.089
0.097	0.712	0.126	0.065
0.089	0.055	0.803	0.053
>ATTATAATTV	17-ATTATAATTV	9.665747	-23.461895	0	T:19.0(0.80%),B:40.1(0.11%),P:1e-10	Tpos:97.6,Tstd:82.5,Bpos:86.3,Bstd:45.6,StrandBias:-0.2,Multiplicity:1.00
0.532	0.359	0.061	0.048
0.050	0.078	0.065	0.807
0.062	0.062	0.147	0.729
0.878	0.059	0.025	0.038
0.001	0.001	0.001	0.997
0.571	0.070	0.074	0.285
0.850	0.037	0.057	0.056
0.031	0.063	0.342	0.564
0.001	0.001	0.002	0.996
0.358	0.332	0.289	0.021
>GCACAGCACA	18-GCACAGCACA	4.650159	-22.878976	0	T:752.0(31.84%),B:9303.3(25.97%),P:1e-9	Tpos:100.1,Tstd:57.6,Bpos:100.1,Bstd:115.6,StrandBias:0.1,Multiplicity:1.39
0.103	0.088	0.712	0.097
0.094	0.683	0.120	0.103
0.694	0.081	0.117	0.108
0.094	0.683	0.114	0.109
0.707	0.090	0.102	0.101
0.107	0.099	0.698	0.096
0.084	0.709	0.096	0.111
0.675	0.094	0.125	0.106
0.091	0.720	0.088	0.101
0.721	0.083	0.095	0.101
>ATACTGAGGA	19-ATACTGAGGA	10.222352	-22.325141	0	T:25.0(1.06%),B:77.3(0.22%),P:1e-9	Tpos:105.7,Tstd:71.4,Bpos:94.1,Bstd:88.6,StrandBias:0.1,Multiplicity:1.00
0.997	0.001	0.001	0.001
0.001	0.001	0.001	0.997
0.997	0.001	0.001	0.001
0.001	0.997	0.001	0.001
0.001	0.001	0.001	0.997
0.001	0.001	0.887	0.111
0.944	0.001	0.001	0.054
0.001	0.001	0.966	0.032
0.001	0.001	0.997	0.001
0.997	0.001	0.001	0.001
>TCATATCCTC	20-TCATATCCTC	10.239435	-21.090650	0	T:30.0(1.27%),B:116.8(0.33%),P:1e-9	Tpos:109.8,Tstd:59.6,Bpos:99.7,Bstd:63.3,StrandBias:0.4,Multiplicity:1.00
0.001	0.073	0.001	0.925
0.231	0.581	0.001	0.187
0.896	0.001	0.001	0.102
0.001	0.196	0.001	0.802
0.722	0.001	0.276	0.001
0.001	0.001	0.001	0.997
0.001	0.997	0.001	0.001
0.001	0.997	0.001	0.001
0.001	0.001	0.001	0.997
0.001	0.997	0.001	0.001
>ACAGACAGAC	21-ACAGACAGAC	5.703521	-15.889497	0	T:599.0(25.36%),B:7494.5(20.92%),P:1e-6	Tpos:100.9,Tstd:57.9,Bpos:100.7,Bstd:105.5,StrandBias:-0.0,Multiplicity:1.21
0.705	0.053	0.082	0.160
0.166	0.677	0.135	0.022
0.809	0.074	0.012	0.105
0.118	0.143	0.615	0.124
0.679	0.098	0.042	0.181
0.127	0.633	0.239	0.001
0.884	0.013	0.007	0.096
0.142	0.161	0.629	0.068
0.662	0.065	0.105	0.168
0.106	0.714	0.175	0.005
>MSACTAKACT	22-MSACTAKACT	6.046474	-13.091494	0	T:84.0(3.56%),B:738.1(2.06%),P:1e-5	Tpos:116.5,Tstd:50.1,Bpos:101.3,Bstd:91.3,StrandBias:-0.1,Multiplicity:1.09
0.414	0.279	0.160	0.146
0.188	0.303	0.368	0.141
0.877	0.070	0.001	0.052
0.205	0.504	0.191	0.100
0.199	0.193	0.126	0.482
0.498	0.088	0.258	0.156
0.151	0.165	0.404	0.280
0.677	0.045	0.230	0.048
0.231	0.460	0.182	0.126
0.157	0.001	0.066	0.776
>CTASTSTABT	23-CTASTSTABT	7.036293	-9.410338	0	T:54.0(2.29%),B:466.9(1.30%),P:1e-4	Tpos:100.6,Tstd:62.4,Bpos:93.3,Bstd:90.2,StrandBias:0.8,Multiplicity:1.12
0.017	0.940	0.029	0.014
0.107	0.277	0.136	0.480
0.573	0.196	0.154	0.077
0.192	0.422	0.305	0.081
0.132	0.045	0.174	0.649
0.036	0.401	0.518	0.045
0.087	0.084	0.249	0.580
0.885	0.034	0.031	0.050
0.122	0.347	0.283	0.248
0.065	0.046	0.354	0.535
>TATTTATTTA	24-TATTTATTTA	8.175882	-5.255475	0	T:11.0(0.47%),B:67.0(0.19%),P:1e-2	Tpos:99.0,Tstd:68.7,Bpos:99.9,Bstd:59.7,StrandBias:0.4,Multiplicity:1.10
0.001	0.001	0.001	0.997
0.936	0.001	0.001	0.062
0.001	0.001	0.001	0.997
0.056	0.001	0.001	0.942
0.001	0.001	0.001	0.997
0.997	0.001	0.001	0.001
0.001	0.001	0.001	0.997
0.001	0.001	0.001	0.997
0.001	0.001	0.001	0.997
0.997	0.001	0.001	0.001
>TAATWATWAT	25-TAATWATWAT	9.971470	-2.724759	0	T:14.0(0.59%),B:134.4(0.38%),P:1e-1	Tpos:98.5,Tstd:66.1,Bpos:119.4,Bstd:88.3,StrandBias:-0.1,Multiplicity:1.14
0.013	0.001	0.001	0.985
0.689	0.001	0.001	0.309
0.997	0.001	0.001	0.001
0.002	0.163	0.001	0.834
0.420	0.001	0.124	0.455
0.760	0.001	0.163	0.076
0.164	0.001	0.086	0.749
0.423	0.001	0.080	0.496
0.731	0.007	0.175	0.087
0.016	0.124	0.001	0.859
