>TCTAGTGAAT	1-TCTAGTGAAT	10.296193	-49.695232	0	T:17.0(0.72%),B:6.6(0.02%),P:1e-21	Tpos:105.5,Tstd:39.9,Bpos:80.5,Bstd:53.6,StrandBias:0.2,Multiplicity:1.00
0.100	0.100	0.100	0.700
0.100	0.700	0.100	0.100
0.100	0.100	0.100	0.700
0.700	0.100	0.100	0.100
0.100	0.100	0.700	0.100
0.100	0.100	0.100	0.700
0.100	0.100	0.700	0.100
0.700	0.100	0.100	0.100
0.700	0.100	0.100	0.100
0.100	0.100	0.100	0.700
>GGGTTDGBCT	2-GGGTTDGBCT	4.895842	-44.671810	0	T:688.0(29.13%),B:7573.2(21.14%),P:1e-19	Tpos:100.4,Tstd:58.5,Bpos:100.7,Bstd:117.7,StrandBias:-0.1,Multiplicity:1.49
0.190	0.049	0.545	0.216
0.128	0.176	0.691	0.005
0.096	0.276	0.454	0.175
0.185	0.135	0.125	0.555
0.134	0.181	0.134	0.551
0.366	0.001	0.339	0.294
0.104	0.151	0.624	0.121
0.190	0.221	0.343	0.246
0.078	0.599	0.093	0.230
0.235	0.136	0.006	0.623
>AATTCAATTA	3-AATTCAATTA	10.296193	-43.144985	0	T:19.0(0.80%),B:13.6(0.04%),P:1e-18	Tpos:95.7,Tstd:23.1,Bpos:113.7,Bstd:33.1,StrandBias:0.2,Multiplicity:1.00
0.700	0.100	0.100	0.100
0.700	0.100	0.100	0.100
0.100	0.100	0.100	0.700
0.100	0.100	0.100	0.700
0.100	0.700	0.100	0.100
0.700	0.100	0.100	0.100
0.700	0.100	0.100	0.100
0.100	0.100	0.100	0.700
0.100	0.100	0.100	0.700
0.700	0.100	0.100	0.100
>GTCAGAAGAA	4-GTCAGAAGAA	10.296193	-42.338222	0	T:20.0(0.85%),B:16.5(0.05%),P:1e-18	Tpos:95.9,Tstd:71.9,Bpos:142.4,Bstd:34.8,StrandBias:0.6,Multiplicity:1.00
0.100	0.100	0.700	0.100
0.100	0.100	0.100	0.700
0.100	0.700	0.100	0.100
0.700	0.100	0.100	0.100
0.100	0.100	0.700	0.100
0.700	0.100	0.100	0.100
0.700	0.100	0.100	0.100
0.100	0.100	0.700	0.100
0.700	0.100	0.100	0.100
0.700	0.100	0.100	0.100
>AGTACTTAGT	5-AGTACTTAGT	10.116348	-36.958253	0	T:25.0(1.06%),B:39.1(0.11%),P:1e-16	Tpos:104.0,Tstd:52.6,Bpos:96.4,Bstd:81.7,StrandBias:-0.1,Multiplicity:1.00
0.997	0.001	0.001	0.001
0.176	0.001	0.822	0.001
0.001	0.001	0.001	0.997
0.997	0.001	0.001	0.001
0.001	0.764	0.085	0.150
0.001	0.001	0.001	0.997
0.109	0.001	0.001	0.889
0.997	0.001	0.001	0.001
0.001	0.201	0.797	0.001
0.001	0.001	0.001	0.997
>CCAACAGCTT	6-CCAACAGCTT	10.296193	-34.529100	0	T:19.0(0.80%),B:21.2(0.06%),P:1e-14	Tpos:95.5,Tstd:13.9,Bpos:104.0,Bstd:65.3,StrandBias:0.2,Multiplicity:1.00
0.100	0.700	0.100	0.100
0.100	0.700	0.100	0.100
0.700	0.100	0.100	0.100
0.700	0.100	0.100	0.100
0.100	0.700	0.100	0.100
0.700	0.100	0.100	0.100
0.100	0.100	0.700	0.100
0.100	0.700	0.100	0.100
0.100	0.100	0.100	0.700
0.100	0.100	0.100	0.700
>TATCCACTCC	7-TATCCACTCC	10.895477	-34.103404	0	T:30.0(1.27%),B:68.7(0.19%),P:1e-14	Tpos:102.6,Tstd:76.4,Bpos:89.2,Bstd:54.8,StrandBias:0.4,Multiplicity:1.00
0.014	0.006	0.001	0.979
0.997	0.001	0.001	0.001
0.001	0.001	0.001	0.997
0.064	0.919	0.016	0.001
0.001	0.887	0.111	0.001
0.443	0.129	0.243	0.185
0.001	0.737	0.261	0.001
0.001	0.254	0.001	0.744
0.001	0.997	0.001	0.001
0.001	0.756	0.242	0.001
>GAACAACAGT	8-GAACAACAGT	10.296193	-33.577216	0	T:18.0(0.76%),B:19.3(0.05%),P:1e-14	Tpos:107.3,Tstd:58.3,Bpos:88.5,Bstd:64.2,StrandBias:0.0,Multiplicity:1.00
0.100	0.100	0.700	0.100
0.700	0.100	0.100	0.100
0.700	0.100	0.100	0.100
0.100	0.700	0.100	0.100
0.700	0.100	0.100	0.100
0.700	0.100	0.100	0.100
0.100	0.700	0.100	0.100
0.700	0.100	0.100	0.100
0.100	0.100	0.700	0.100
0.100	0.100	0.100	0.700
>GGTCTAGCCT	9-GGTCTAGCCT	5.135123	-32.956698	0	T:753.0(31.88%),B:8878.3(24.79%),P:1e-14	Tpos:97.3,Tstd:60.2,Bpos:101.1,Bstd:110.7,StrandBias:-0.0,Multiplicity:1.25
0.067	0.155	0.648	0.130
0.136	0.148	0.587	0.129
0.156	0.024	0.005	0.815
0.093	0.759	0.112	0.036
0.090	0.105	0.111	0.694
0.660	0.145	0.142	0.053
0.124	0.116	0.617	0.143
0.133	0.658	0.108	0.101
0.053	0.721	0.111	0.115
0.054	0.033	0.072	0.841
>GTCAAAATGG	10-GTCAAAATGG	10.734809	-32.669347	0	T:17.0(0.72%),B:17.9(0.05%),P:1e-14	Tpos:99.9,Tstd:17.3,Bpos:114.7,Bstd:49.9,StrandBias:0.5,Multiplicity:1.00
0.001	0.001	0.997	0.001
0.001	0.001	0.001	0.997
0.001	0.997	0.001	0.001
0.997	0.001	0.001	0.001
0.953	0.001	0.045	0.001
0.997	0.001	0.001	0.001
0.997	0.001	0.001	0.001
0.001	0.001	0.001	0.997
0.001	0.001	0.997	0.001
0.001	0.001	0.997	0.001
>AATTAATTAA	11-AATTAATTAA	11.408230	-30.635396	0	T:20.0(0.85%),B:30.7(0.09%),P:1e-13	Tpos:132.4,Tstd:42.0,Bpos:100.2,Bstd:85.0,StrandBias:0.3,Multiplicity:1.00
0.891	0.043	0.003	0.063
0.861	0.048	0.032	0.059
0.086	0.001	0.017	0.896
0.162	0.030	0.001	0.807
0.997	0.001	0.001	0.001
0.982	0.007	0.010	0.001
0.130	0.019	0.060	0.791
0.087	0.243	0.018	0.652
0.457	0.213	0.285	0.045
0.671	0.052	0.268	0.009
>TTTCTACTAA	12-TTTCTACTAA	10.296193	-30.385403	0	T:18.0(0.76%),B:23.6(0.07%),P:1e-13	Tpos:107.9,Tstd:44.4,Bpos:65.3,Bstd:69.5,StrandBias:-0.3,Multiplicity:1.00
0.100	0.100	0.100	0.700
0.100	0.100	0.100	0.700
0.100	0.100	0.100	0.700
0.100	0.700	0.100	0.100
0.100	0.100	0.100	0.700
0.700	0.100	0.100	0.100
0.100	0.700	0.100	0.100
0.100	0.100	0.100	0.700
0.700	0.100	0.100	0.100
0.700	0.100	0.100	0.100
>CCCTTCTACC	13-CCCTTCTACC	9.973806	-30.290579	0	T:38.0(1.61%),B:128.8(0.36%),P:1e-13	Tpos:96.9,Tstd:61.3,Bpos:77.4,Bstd:90.4,StrandBias:-0.1,Multiplicity:1.47
0.001	0.997	0.001	0.001
0.001	0.997	0.001	0.001
0.001	0.742	0.001	0.256
0.001	0.001	0.001	0.997
0.073	0.001	0.017	0.909
0.001	0.911	0.087	0.001
0.001	0.001	0.001	0.997
0.929	0.001	0.001	0.069
0.261	0.737	0.001	0.001
0.001	0.613	0.385	0.001
>ACCTTACACT	14-ACCTTACACT	4.641520	-29.983097	0	T:634.0(26.84%),B:7344.9(20.51%),P:1e-13	Tpos:104.0,Tstd:57.5,Bpos:99.0,Bstd:98.2,StrandBias:0.2,Multiplicity:1.20
0.708	0.090	0.099	0.103
0.097	0.713	0.091	0.099
0.124	0.681	0.102	0.093
0.099	0.100	0.106	0.695
0.098	0.109	0.098	0.695
0.742	0.071	0.097	0.090
0.102	0.692	0.108	0.098
0.691	0.094	0.103	0.112
0.095	0.692	0.109	0.104
0.108	0.106	0.092	0.694
>ATCCAACGAC	15-ATCCAACGAC	10.504732	-27.876744	0	T:22.0(0.93%),B:44.6(0.12%),P:1e-12	Tpos:102.7,Tstd:40.2,Bpos:89.7,Bstd:50.2,StrandBias:-0.8,Multiplicity:1.00
0.997	0.001	0.001	0.001
0.001	0.001	0.001	0.997
0.001	0.997	0.001	0.001
0.001	0.960	0.001	0.038
0.997	0.001	0.001	0.001
0.997	0.001	0.001	0.001
0.001	0.997	0.001	0.001
0.001	0.001	0.997	0.001
0.997	0.001	0.001	0.001
0.060	0.938	0.001	0.001
>CGTACGCACG	16-CGTACGCACG	6.732158	-27.759681	0	T:150.0(6.35%),B:1218.8(3.40%),P:1e-12	Tpos:97.9,Tstd:61.0,Bpos:102.1,Bstd:106.0,StrandBias:-0.5,Multiplicity:1.08
0.072	0.740	0.104	0.084
0.043	0.062	0.802	0.093
0.027	0.073	0.034	0.866
0.853	0.067	0.024	0.056
0.070	0.772	0.075	0.083
0.074	0.034	0.851	0.041
0.071	0.805	0.079	0.045
0.801	0.067	0.043	0.089
0.097	0.712	0.126	0.065
0.089	0.055	0.803	0.053
>ATTATAATTV	17-ATTATAATTV	9.665747	-23.461895	0	T:19.0(0.80%),B:40.1(0.11%),P:1e-10	Tpos:97.6,Tstd:82.5,Bpos:86.3,Bstd:45.6,StrandBias:-0.2,Multiplicity:1.00
0.532	0.359	0.061	0.048
0.050	0.078	0.065	0.807
0.062	0.062	0.147	0.729
0.878	0.059	0.025	0.038
0.001	0.001	0.001	0.997
0.571	0.070	0.074	0.285
0.850	0.037	0.057	0.056
0.031	0.063	0.342	0.564
0.001	0.001	0.002	0.996
0.358	0.332	0.289	0.021
>GCACAGCACA	18-GCACAGCACA	4.650159	-22.878976	0	T:752.0(31.84%),B:9303.3(25.97%),P:1e-9	Tpos:100.1,Tstd:57.6,Bpos:100.1,Bstd:115.6,StrandBias:0.1,Multiplicity:1.39
0.103	0.088	0.712	0.097
0.094	0.683	0.120	0.103
0.694	0.081	0.117	0.108
0.094	0.683	0.114	0.109
0.707	0.090	0.102	0.101
0.107	0.099	0.698	0.096
0.084	0.709	0.096	0.111
0.675	0.094	0.125	0.106
0.091	0.720	0.088	0.101
0.721	0.083	0.095	0.101
>ATACTGAGGA	19-ATACTGAGGA	10.222352	-22.325141	0	T:25.0(1.06%),B:77.3(0.22%),P:1e-9	Tpos:105.7,Tstd:71.4,Bpos:94.1,Bstd:88.6,StrandBias:0.1,Multiplicity:1.00
0.997	0.001	0.001	0.001
0.001	0.001	0.001	0.997
0.997	0.001	0.001	0.001
0.001	0.997	0.001	0.001
0.001	0.001	0.001	0.997
0.001	0.001	0.887	0.111
0.944	0.001	0.001	0.054
0.001	0.001	0.966	0.032
0.001	0.001	0.997	0.001
0.997	0.001	0.001	0.001
>TCATATCCTC	20-TCATATCCTC	10.239435	-21.090650	0	T:30.0(1.27%),B:116.8(0.33%),P:1e-9	Tpos:109.8,Tstd:59.6,Bpos:99.7,Bstd:63.3,StrandBias:0.4,Multiplicity:1.00
0.001	0.073	0.001	0.925
0.231	0.581	0.001	0.187
0.896	0.001	0.001	0.102
0.001	0.196	0.001	0.802
0.722	0.001	0.276	0.001
0.001	0.001	0.001	0.997
0.001	0.997	0.001	0.001
0.001	0.997	0.001	0.001
0.001	0.001	0.001	0.997
0.001	0.997	0.001	0.001
>ACAGACAGAC	21-ACAGACAGAC	5.703521	-15.889497	0	T:599.0(25.36%),B:7494.5(20.92%),P:1e-6	Tpos:100.9,Tstd:57.9,Bpos:100.7,Bstd:105.5,StrandBias:-0.0,Multiplicity:1.21
0.705	0.053	0.082	0.160
0.166	0.677	0.135	0.022
0.809	0.074	0.012	0.105
0.118	0.143	0.615	0.124
0.679	0.098	0.042	0.181
0.127	0.633	0.239	0.001
0.884	0.013	0.007	0.096
0.142	0.161	0.629	0.068
0.662	0.065	0.105	0.168
0.106	0.714	0.175	0.005
>MSACTAKACT	22-MSACTAKACT	6.046474	-13.091494	0	T:84.0(3.56%),B:738.1(2.06%),P:1e-5	Tpos:116.5,Tstd:50.1,Bpos:101.3,Bstd:91.3,StrandBias:-0.1,Multiplicity:1.09
0.414	0.279	0.160	0.146
0.188	0.303	0.368	0.141
0.877	0.070	0.001	0.052
0.205	0.504	0.191	0.100
0.199	0.193	0.126	0.482
0.498	0.088	0.258	0.156
0.151	0.165	0.404	0.280
0.677	0.045	0.230	0.048
0.231	0.460	0.182	0.126
0.157	0.001	0.066	0.776
>CTASTSTABT	23-CTASTSTABT	7.036293	-9.410338	0	T:54.0(2.29%),B:466.9(1.30%),P:1e-4	Tpos:100.6,Tstd:62.4,Bpos:93.3,Bstd:90.2,StrandBias:0.8,Multiplicity:1.12
0.017	0.940	0.029	0.014
0.107	0.277	0.136	0.480
0.573	0.196	0.154	0.077
0.192	0.422	0.305	0.081
0.132	0.045	0.174	0.649
0.036	0.401	0.518	0.045
0.087	0.084	0.249	0.580
0.885	0.034	0.031	0.050
0.122	0.347	0.283	0.248
0.065	0.046	0.354	0.535
>TATTTATTTA	24-TATTTATTTA	8.175882	-5.255475	0	T:11.0(0.47%),B:67.0(0.19%),P:1e-2	Tpos:99.0,Tstd:68.7,Bpos:99.9,Bstd:59.7,StrandBias:0.4,Multiplicity:1.10
0.001	0.001	0.001	0.997
0.936	0.001	0.001	0.062
0.001	0.001	0.001	0.997
0.056	0.001	0.001	0.942
0.001	0.001	0.001	0.997
0.997	0.001	0.001	0.001
0.001	0.001	0.001	0.997
0.001	0.001	0.001	0.997
0.001	0.001	0.001	0.997
0.997	0.001	0.001	0.001
>TAATWATWAT	25-TAATWATWAT	9.971470	-2.724759	0	T:14.0(0.59%),B:134.4(0.38%),P:1e-1	Tpos:98.5,Tstd:66.1,Bpos:119.4,Bstd:88.3,StrandBias:-0.1,Multiplicity:1.14
0.013	0.001	0.001	0.985
0.689	0.001	0.001	0.309
0.997	0.001	0.001	0.001
0.002	0.163	0.001	0.834
0.420	0.001	0.124	0.455
0.760	0.001	0.163	0.076
0.164	0.001	0.086	0.749
0.423	0.001	0.080	0.496
0.731	0.007	0.175	0.087
0.016	0.124	0.001	0.859
>GTCAGAAGAAAC	1-GTCAGAAGAAAC	13.250075	-85.462827	0	T:18.0(0.76%),B:1.7(0.00%),P:1e-37	Tpos:107.9,Tstd:74.4,Bpos:101.6,Bstd:16.1,StrandBias:0.3,Multiplicity:1.00
0.001	0.001	0.997	0.001
0.001	0.001	0.001	0.997
0.001	0.997	0.001	0.001
0.997	0.001	0.001	0.001
0.001	0.001	0.997	0.001
0.997	0.001	0.001	0.001
0.963	0.001	0.035	0.001
0.001	0.001	0.997	0.001
0.997	0.001	0.001	0.001
0.997	0.001	0.001	0.001
0.997	0.001	0.001	0.001
0.001	0.997	0.001	0.001
>TTACTTATCTAG	2-TTACTTATCTAG	13.250075	-73.048163	0	T:18.0(0.76%),B:3.0(0.01%),P:1e-31	Tpos:104.7,Tstd:43.1,Bpos:129.6,Bstd:32.1,StrandBias:0.3,Multiplicity:1.00
0.001	0.001	0.001	0.997
0.001	0.001	0.001	0.997
0.997	0.001	0.001	0.001
0.001	0.997	0.001	0.001
0.001	0.001	0.001	0.997
0.001	0.001	0.001	0.997
0.963	0.001	0.001	0.035
0.001	0.001	0.001	0.997
0.001	0.997	0.001	0.001
0.001	0.001	0.001	0.997
0.997	0.001	0.001	0.001
0.001	0.001	0.997	0.001
>GAGAACAACAGT	3-GAGAACAACAGT	12.355432	-68.124469	0	T:17.0(0.72%),B:2.1(0.01%),P:1e-29	Tpos:104.1,Tstd:59.4,Bpos:103.9,Bstd:16.5,StrandBias:0.2,Multiplicity:1.00
0.100	0.100	0.700	0.100
0.700	0.100	0.100	0.100
0.100	0.100	0.700	0.100
0.700	0.100	0.100	0.100
0.700	0.100	0.100	0.100
0.100	0.700	0.100	0.100
0.700	0.100	0.100	0.100
0.700	0.100	0.100	0.100
0.100	0.700	0.100	0.100
0.700	0.100	0.100	0.100
0.100	0.100	0.700	0.100
0.100	0.100	0.100	0.700
>AACAATTCAATT	4-AACAATTCAATT	12.355432	-61.293371	0	T:17.0(0.72%),B:3.9(0.01%),P:1e-26	Tpos:98.9,Tstd:22.3,Bpos:100.8,Bstd:42.8,StrandBias:0.2,Multiplicity:1.00
0.700	0.100	0.100	0.100
0.700	0.100	0.100	0.100
0.100	0.700	0.100	0.100
0.700	0.100	0.100	0.100
0.700	0.100	0.100	0.100
0.100	0.100	0.100	0.700
0.100	0.100	0.100	0.700
0.100	0.700	0.100	0.100
0.700	0.100	0.100	0.100
0.700	0.100	0.100	0.100
0.100	0.100	0.100	0.700
0.100	0.100	0.100	0.700
>CTRGCCTKGSCT	5-CTRGCCTKGSCT	4.633636	-52.850087	0	T:1381.0(58.47%),B:17269.5(48.22%),P:1e-22	Tpos:102.0,Tstd:57.7,Bpos:99.8,Bstd:112.5,StrandBias:-0.1,Multiplicity:1.59
0.001	0.666	0.022	0.311
0.266	0.054	0.130	0.550
0.361	0.047	0.398	0.194
0.145	0.177	0.486	0.192
0.118	0.425	0.205	0.252
0.162	0.676	0.001	0.161
0.313	0.003	0.001	0.683
0.237	0.044	0.389	0.330
0.245	0.001	0.647	0.107
0.156	0.390	0.319	0.135
0.075	0.606	0.246	0.073
0.206	0.001	0.001	0.792
>CCAACAGCTTCA	6-CCAACAGCTTCA	13.679970	-48.466585	0	T:18.0(0.76%),B:8.9(0.02%),P:1e-21	Tpos:95.4,Tstd:14.5,Bpos:109.3,Bstd:50.5,StrandBias:0.0,Multiplicity:1.00
0.001	0.997	0.001	0.001
0.057	0.941	0.001	0.001
0.997	0.001	0.001	0.001
0.997	0.001	0.001	0.001
0.001	0.997	0.001	0.001
0.997	0.001	0.001	0.001
0.001	0.001	0.997	0.001
0.001	0.997	0.001	0.001
0.001	0.001	0.001	0.997
0.001	0.001	0.001	0.997
0.001	0.941	0.057	0.001
0.997	0.001	0.001	0.001
>ATCCAACGACAT	7-ATCCAACGACAT	12.355432	-42.987593	0	T:17.0(0.72%),B:9.0(0.03%),P:1e-18	Tpos:105.8,Tstd:34.9,Bpos:102.0,Bstd:41.9,StrandBias:-0.2,Multiplicity:1.00
0.700	0.100	0.100	0.100
0.100	0.100	0.100	0.700
0.100	0.700	0.100	0.100
0.100	0.700	0.100	0.100
0.700	0.100	0.100	0.100
0.700	0.100	0.100	0.100
0.100	0.700	0.100	0.100
0.100	0.100	0.700	0.100
0.700	0.100	0.100	0.100
0.100	0.700	0.100	0.100
0.700	0.100	0.100	0.100
0.100	0.100	0.100	0.700
>AGTCAAAATGGC	8-AGTCAAAATGGC	12.355432	-42.219485	0	T:15.0(0.64%),B:6.9(0.02%),P:1e-18	Tpos:101.4,Tstd:15.8,Bpos:108.5,Bstd:39.2,StrandBias:0.2,Multiplicity:1.00
0.700	0.100	0.100	0.100
0.100	0.100	0.700	0.100
0.100	0.100	0.100	0.700
0.100	0.700	0.100	0.100
0.700	0.100	0.100	0.100
0.700	0.100	0.100	0.100
0.700	0.100	0.100	0.100
0.700	0.100	0.100	0.100
0.100	0.100	0.100	0.700
0.100	0.100	0.700	0.100
0.100	0.100	0.700	0.100
0.100	0.700	0.100	0.100
>SAATTAATTAAT	9-SAATTAATTAAT	15.059586	-38.764877	0	T:18.0(0.76%),B:14.1(0.04%),P:1e-16	Tpos:103.6,Tstd:17.1,Bpos:90.1,Bstd:38.1,StrandBias:0.3,Multiplicity:1.00
0.024	0.370	0.423	0.183
0.576	0.001	0.422	0.001
0.997	0.001	0.001	0.001
0.001	0.001	0.001	0.997
0.001	0.001	0.001	0.997
0.997	0.001	0.001	0.001
0.997	0.001	0.001	0.001
0.001	0.001	0.001	0.997
0.001	0.001	0.001	0.997
0.997	0.001	0.001	0.001
0.997	0.001	0.001	0.001
0.001	0.001	0.001	0.997
>TTGGACTGGATT	10-TTGGACTGGATT	12.589025	-38.706058	0	T:30.0(1.27%),B:57.3(0.16%),P:1e-16	Tpos:96.7,Tstd:71.7,Bpos:90.7,Bstd:85.8,StrandBias:0.0,Multiplicity:1.10
0.001	0.051	0.001	0.947
0.001	0.001	0.001	0.997
0.001	0.001	0.997	0.001
0.051	0.001	0.947	0.001
0.947	0.001	0.001	0.051
0.001	0.951	0.001	0.047
0.001	0.001	0.001	0.997
0.001	0.001	0.947	0.051
0.001	0.001	0.997	0.001
0.882	0.001	0.001	0.116
0.052	0.052	0.001	0.895
0.405	0.001	0.001	0.593
>TATTTCTACTAA	11-TATTTCTACTAA	13.935093	-37.272029	0	T:19.0(0.80%),B:18.6(0.05%),P:1e-16	Tpos:109.6,Tstd:43.1,Bpos:56.9,Bstd:67.6,StrandBias:-0.5,Multiplicity:1.00
0.075	0.001	0.001	0.923
0.997	0.001	0.001	0.001
0.001	0.001	0.001	0.997
0.001	0.001	0.001	0.997
0.001	0.001	0.001	0.997
0.001	0.997	0.001	0.001
0.001	0.001	0.001	0.997
0.997	0.001	0.001	0.001
0.001	0.997	0.001	0.001
0.075	0.001	0.001	0.923
0.997	0.001	0.001	0.001
0.997	0.001	0.001	0.001
>CCTACTACCRAT	12-CCTACTACCRAT	15.823777	-35.293198	0	T:25.0(1.06%),B:42.8(0.12%),P:1e-15	Tpos:101.8,Tstd:64.8,Bpos:62.0,Bstd:43.0,StrandBias:-0.3,Multiplicity:1.00
0.001	0.997	0.001	0.001
0.001	0.997	0.001	0.001
0.001	0.001	0.001	0.997
0.997	0.001	0.001	0.001
0.001	0.997	0.001	0.001
0.001	0.001	0.001	0.997
0.997	0.001	0.001	0.001
0.001	0.997	0.001	0.001
0.001	0.997	0.001	0.001
0.459	0.001	0.539	0.001
0.997	0.001	0.001	0.001
0.001	0.001	0.001	0.997
>CGCCCCTTCTAA	13-CGCCCCTTCTAA	10.060665	-31.434506	0	T:25.0(1.06%),B:50.7(0.14%),P:1e-13	Tpos:112.0,Tstd:55.2,Bpos:69.0,Bstd:105.2,StrandBias:0.4,Multiplicity:1.04
0.001	0.886	0.001	0.112
0.009	0.001	0.875	0.115
0.001	0.733	0.001	0.265
0.001	0.997	0.001	0.001
0.001	0.990	0.008	0.001
0.001	0.963	0.018	0.018
0.001	0.001	0.001	0.997
0.001	0.256	0.009	0.734
0.001	0.997	0.001	0.001
0.008	0.001	0.001	0.990
0.773	0.225	0.001	0.001
0.997	0.001	0.001	0.001
>ATTATWAKWAWA	14-ATTATWAKWAWA	9.044000	-28.627024	0	T:34.0(1.44%),B:110.0(0.31%),P:1e-12	Tpos:94.9,Tstd:66.5,Bpos:114.9,Bstd:81.8,StrandBias:0.1,Multiplicity:1.12
0.855	0.047	0.055	0.043
0.048	0.097	0.154	0.701
0.241	0.047	0.095	0.617
0.879	0.018	0.073	0.030
0.018	0.030	0.249	0.703
0.431	0.079	0.198	0.291
0.874	0.055	0.059	0.012
0.113	0.049	0.359	0.479
0.320	0.024	0.238	0.418
0.571	0.182	0.102	0.145
0.359	0.189	0.119	0.333
0.644	0.030	0.047	0.279
>GCAATGAGGATA	15-GCAATGAGGATA	10.306176	-27.296299	0	T:26.0(1.10%),B:66.2(0.18%),P:1e-11	Tpos:95.3,Tstd:57.2,Bpos:96.1,Bstd:83.8,StrandBias:0.4,Multiplicity:1.00
0.115	0.001	0.827	0.057
0.172	0.712	0.001	0.115
0.769	0.058	0.058	0.115
0.884	0.001	0.001	0.114
0.057	0.001	0.057	0.885
0.001	0.057	0.941	0.001
0.654	0.173	0.115	0.058
0.115	0.003	0.767	0.115
0.001	0.172	0.770	0.057
0.827	0.057	0.001	0.115
0.001	0.001	0.001	0.997
0.997	0.001	0.001	0.001
>CATGCCTCAAGA	16-CATGCCTCAAGA	12.355432	-21.510774	0	T:8.0(0.34%),B:4.8(0.01%),P:1e-9	Tpos:94.4,Tstd:67.4,Bpos:92.4,Bstd:37.8,StrandBias:0.7,Multiplicity:1.00
0.100	0.700	0.100	0.100
0.700	0.100	0.100	0.100
0.100	0.100	0.100	0.700
0.100	0.100	0.700	0.100
0.100	0.700	0.100	0.100
0.100	0.700	0.100	0.100
0.100	0.100	0.100	0.700
0.100	0.700	0.100	0.100
0.700	0.100	0.100	0.100
0.700	0.100	0.100	0.100
0.100	0.100	0.700	0.100
0.700	0.100	0.100	0.100
>CGCACGCACGTA	17-CGCACGCACGTA	7.465141	-19.711096	0	T:96.0(4.06%),B:756.7(2.11%),P:1e-8	Tpos:100.6,Tstd:60.3,Bpos:103.1,Bstd:116.0,StrandBias:-0.2,Multiplicity:1.09
0.070	0.726	0.094	0.110
0.145	0.090	0.642	0.123
0.081	0.820	0.029	0.070
0.837	0.041	0.056	0.066
0.063	0.835	0.046	0.056
0.160	0.062	0.716	0.062
0.096	0.750	0.047	0.107
0.776	0.084	0.104	0.036
0.082	0.802	0.083	0.033
0.110	0.081	0.770	0.039
0.093	0.181	0.116	0.610
0.717	0.119	0.084	0.080
>CAGGCAGTCAGT	18-CAGGCAGTCAGT	9.110220	-16.516111	0	T:41.0(1.74%),B:238.5(0.67%),P:1e-7	Tpos:90.8,Tstd:45.8,Bpos:99.4,Bstd:94.0,StrandBias:0.5,Multiplicity:1.10
0.001	0.997	0.001	0.001
0.997	0.001	0.001	0.001
0.066	0.149	0.708	0.077
0.224	0.077	0.508	0.191
0.001	0.726	0.001	0.272
0.857	0.001	0.001	0.141
0.075	0.001	0.923	0.001
0.086	0.001	0.066	0.847
0.108	0.886	0.001	0.005
0.928	0.001	0.070	0.001
0.001	0.001	0.997	0.001
0.015	0.012	0.218	0.755
>ACGCAACKCATC	19-ACGCAACKCATC	10.134271	-14.974797	0	T:27.0(1.14%),B:129.7(0.36%),P:1e-6	Tpos:78.6,Tstd:49.1,Bpos:121.6,Bstd:88.2,StrandBias:1.4,Multiplicity:1.15
0.997	0.001	0.001	0.001
0.001	0.965	0.033	0.001
0.127	0.253	0.421	0.199
0.001	0.993	0.005	0.001
0.872	0.126	0.001	0.001
0.872	0.001	0.126	0.001
0.194	0.679	0.126	0.001
0.001	0.001	0.547	0.451
0.001	0.997	0.001	0.001
0.997	0.001	0.001	0.001
0.261	0.126	0.001	0.612
0.252	0.746	0.001	0.001
>TCTAGTCTAGTC	20-TCTAGTCTAGTC	6.838746	-13.089152	0	T:185.0(7.83%),B:1979.3(5.53%),P:1e-5	Tpos:96.3,Tstd:56.4,Bpos:92.8,Bstd:103.1,StrandBias:0.0,Multiplicity:1.06
0.062	0.042	0.039	0.857
0.063	0.770	0.102	0.065
0.073	0.134	0.065	0.728
0.635	0.143	0.105	0.117
0.055	0.098	0.773	0.074
0.074	0.043	0.053	0.830
0.091	0.734	0.114	0.061
0.078	0.103	0.073	0.746
0.687	0.103	0.103	0.107
0.069	0.141	0.712	0.078
0.042	0.089	0.050	0.819
0.129	0.710	0.075	0.086
>ATCTCATCTCAT	21-ATCTCATCTCAT	10.213888	-13.062988	0	T:27.0(1.14%),B:143.8(0.40%),P:1e-5	Tpos:86.7,Tstd:53.1,Bpos:96.1,Bstd:103.2,StrandBias:1.1,Multiplicity:1.08
0.838	0.052	0.026	0.084
0.027	0.040	0.053	0.880
0.026	0.842	0.053	0.079
0.020	0.161	0.040	0.779
0.026	0.938	0.035	0.001
0.934	0.001	0.019	0.046
0.026	0.052	0.001	0.921
0.040	0.856	0.052	0.052
0.078	0.161	0.098	0.663
0.052	0.751	0.089	0.108
0.730	0.134	0.026	0.110
0.052	0.046	0.026	0.876
>TCTCATCTCATC	22-TCTCATCTCATC	9.003262	-12.829120	0	T:51.0(2.16%),B:378.9(1.06%),P:1e-5	Tpos:110.3,Tstd:59.0,Bpos:95.0,Bstd:97.4,StrandBias:-0.8,Multiplicity:1.00
0.022	0.035	0.035	0.908
0.035	0.778	0.116	0.071
0.018	0.035	0.071	0.876
0.035	0.929	0.035	0.001
0.783	0.035	0.035	0.147
0.047	0.048	0.035	0.870
0.087	0.828	0.050	0.035
0.084	0.071	0.027	0.818
0.071	0.801	0.035	0.093
0.790	0.144	0.001	0.065
0.070	0.133	0.001	0.796
0.106	0.858	0.035	0.001
>CTCACCGCCGCT	23-CTCACCGCCGCT	7.814445	-11.705658	0	T:34.0(1.44%),B:220.4(0.62%),P:1e-5	Tpos:102.0,Tstd:63.0,Bpos:99.9,Bstd:119.3,StrandBias:-0.4,Multiplicity:1.00
0.001	0.997	0.001	0.001
0.371	0.030	0.001	0.598
0.001	0.784	0.214	0.001
0.997	0.001	0.001	0.001
0.217	0.653	0.001	0.129
0.001	0.971	0.001	0.027
0.216	0.142	0.434	0.208
0.001	0.997	0.001	0.001
0.391	0.607	0.001	0.001
0.001	0.408	0.590	0.001
0.001	0.997	0.001	0.001
0.001	0.001	0.001	0.997
>ATATTATATAAT	24-ATATTATATAAT	12.672446	-7.417369	0	T:5.0(0.21%),B:10.3(0.03%),P:1e-3	Tpos:89.6,Tstd:43.5,Bpos:73.5,Bstd:28.2,StrandBias:-0.6,Multiplicity:1.00
0.997	0.001	0.001	0.001
0.001	0.001	0.001	0.997
0.997	0.001	0.001	0.001
0.001	0.001	0.001	0.997
0.022	0.001	0.001	0.976
0.997	0.001	0.001	0.001
0.001	0.001	0.001	0.997
0.997	0.001	0.001	0.001
0.001	0.001	0.001	0.997
0.869	0.001	0.112	0.018
0.576	0.422	0.001	0.001
0.422	0.001	0.001	0.576
>ATWAATTAATTW	25-ATWAATTAATTW	9.750345	-3.601468	0	T:17.0(0.72%),B:152.9(0.43%),P:1e-1	Tpos:119.2,Tstd:69.3,Bpos:101.4,Bstd:70.6,StrandBias:0.1,Multiplicity:1.00
0.894	0.035	0.001	0.070
0.106	0.071	0.035	0.788
0.455	0.001	0.001	0.543
0.634	0.036	0.001	0.329
0.929	0.035	0.001	0.035
0.035	0.071	0.001	0.893
0.235	0.035	0.001	0.729
0.670	0.001	0.035	0.294
0.928	0.001	0.001	0.070
0.036	0.036	0.009	0.919
0.341	0.036	0.001	0.622
0.450	0.009	0.001	0.540
>CTAGDCTG	1-CTAGDCTG	4.526552	-40.407745	0	T:1359.0(57.54%),B:17421.3(48.64%),P:1e-17	Tpos:101.4,Tstd:59.5,Bpos:99.1,Bstd:113.1,StrandBias:-0.1,Multiplicity:1.67
0.171	0.409	0.224	0.196
0.148	0.001	0.001	0.850
0.557	0.055	0.305	0.083
0.044	0.285	0.629	0.042
0.364	0.121	0.283	0.231
0.001	0.857	0.141	0.001
0.137	0.001	0.033	0.829
0.196	0.116	0.651	0.037
>TAGGTAAG	2-TAGGTAAG	5.009055	-32.455719	0	T:501.0(21.21%),B:5460.7(15.25%),P:1e-14	Tpos:104.5,Tstd:58.2,Bpos:97.5,Bstd:102.0,StrandBias:0.1,Multiplicity:1.21
0.081	0.070	0.086	0.763
0.709	0.084	0.134	0.073
0.074	0.095	0.710	0.121
0.045	0.101	0.769	0.085
0.071	0.110	0.042	0.777
0.712	0.138	0.086	0.064
0.746	0.127	0.041	0.086
0.030	0.093	0.823	0.054
>CGAGCGTA	3-CGAGCGTA	6.234316	-27.903066	0	T:248.0(10.50%),B:2359.5(6.59%),P:1e-12	Tpos:93.4,Tstd:57.8,Bpos:99.8,Bstd:111.1,StrandBias:-0.0,Multiplicity:1.06
0.001	0.883	0.080	0.036
0.076	0.001	0.911	0.012
0.898	0.043	0.032	0.027
0.093	0.026	0.880	0.001
0.001	0.790	0.001	0.208
0.043	0.001	0.943	0.013
0.037	0.001	0.190	0.772
0.969	0.001	0.001	0.029
>CCAACCCA	4-CCAACCCA	5.359068	-24.324706	0	T:758.0(32.09%),B:9319.1(26.02%),P:1e-10	Tpos:99.8,Tstd:58.9,Bpos:102.0,Bstd:111.3,StrandBias:-0.3,Multiplicity:1.29
0.054	0.763	0.092	0.091
0.170	0.644	0.082	0.104
0.896	0.029	0.011	0.064
0.763	0.046	0.091	0.100
0.129	0.627	0.174	0.070
0.020	0.860	0.086	0.034
0.091	0.794	0.072	0.043
0.656	0.187	0.068	0.089
>AGACACAC	5-AGACACAC	4.887693	-22.774764	0	T:963.0(40.77%),B:12353.3(34.49%),P:1e-9	Tpos:102.6,Tstd:58.7,Bpos:99.6,Bstd:107.8,StrandBias:-0.1,Multiplicity:1.32
0.787	0.065	0.107	0.041
0.113	0.090	0.684	0.113
0.713	0.030	0.103	0.154
0.026	0.780	0.119	0.075
0.766	0.077	0.083	0.074
0.121	0.768	0.069	0.042
0.754	0.104	0.097	0.045
0.059	0.752	0.119	0.070
>CTATACTG	6-CTATACTG	5.464661	-21.481809	0	T:482.0(20.41%),B:5603.9(15.65%),P:1e-9	Tpos:102.0,Tstd:61.2,Bpos:100.3,Bstd:104.3,StrandBias:0.1,Multiplicity:1.18
0.037	0.752	0.156	0.055
0.034	0.089	0.081	0.796
0.612	0.118	0.187	0.083
0.078	0.036	0.047	0.839
0.695	0.086	0.109	0.110
0.021	0.849	0.111	0.019
0.049	0.108	0.102	0.741
0.079	0.171	0.722	0.028
>CCCTACTA	7-CCCTACTA	10.708352	-21.446694	0	T:33.0(1.40%),B:136.1(0.38%),P:1e-9	Tpos:101.0,Tstd:63.1,Bpos:87.4,Bstd:69.8,StrandBias:-0.6,Multiplicity:1.09
0.001	0.997	0.001	0.001
0.001	0.997	0.001	0.001
0.001	0.997	0.001	0.001
0.001	0.001	0.001	0.997
0.697	0.001	0.001	0.301
0.001	0.997	0.001	0.001
0.001	0.001	0.001	0.997
0.997	0.001	0.001	0.001
>TCAAGGCT	8-TCAAGGCT	7.218801	-18.815570	0	T:259.0(10.97%),B:2743.6(7.66%),P:1e-8	Tpos:100.9,Tstd:60.4,Bpos:103.6,Bstd:101.2,StrandBias:0.1,Multiplicity:1.06
0.073	0.089	0.046	0.792
0.051	0.788	0.075	0.086
0.926	0.028	0.001	0.045
0.887	0.044	0.068	0.001
0.001	0.034	0.964	0.001
0.057	0.036	0.864	0.043
0.001	0.905	0.093	0.001
0.001	0.001	0.070	0.928
>CTGACTGT	9-CTGACTGT	7.333093	-18.401127	0	T:152.0(6.44%),B:1423.4(3.97%),P:1e-7	Tpos:108.6,Tstd:56.2,Bpos:95.7,Bstd:106.6,StrandBias:-0.3,Multiplicity:1.31
0.077	0.891	0.031	0.001
0.017	0.001	0.001	0.981
0.001	0.059	0.824	0.116
0.743	0.100	0.001	0.156
0.023	0.932	0.018	0.027
0.001	0.001	0.032	0.966
0.020	0.001	0.978	0.001
0.236	0.001	0.001	0.762
>GCATGCAA	10-GCATGCAA	6.525959	-18.213719	0	T:274.0(11.60%),B:2956.5(8.25%),P:1e-7	Tpos:98.9,Tstd:55.4,Bpos:101.4,Bstd:105.5,StrandBias:-0.1,Multiplicity:1.06
0.066	0.001	0.932	0.001
0.139	0.613	0.127	0.121
0.997	0.001	0.001	0.001
0.001	0.001	0.001	0.997
0.017	0.053	0.929	0.001
0.001	0.997	0.001	0.001
0.781	0.001	0.123	0.095
0.626	0.001	0.212	0.161
>TTGCATTG	11-TTGCATTG	7.103747	-17.688206	0	T:225.0(9.53%),B:2344.3(6.55%),P:1e-7	Tpos:93.5,Tstd:53.1,Bpos:103.7,Bstd:94.4,StrandBias:-0.1,Multiplicity:1.14
0.044	0.066	0.001	0.889
0.001	0.091	0.001	0.907
0.051	0.001	0.947	0.001
0.234	0.648	0.050	0.068
0.800	0.001	0.087	0.112
0.001	0.001	0.001	0.997
0.001	0.001	0.001	0.997
0.041	0.044	0.876	0.039
>GTGAATCC	12-GTGAATCC	8.236954	-16.354485	0	T:30.0(1.27%),B:144.4(0.40%),P:1e-7	Tpos:102.9,Tstd:41.8,Bpos:89.1,Bstd:86.3,StrandBias:-0.2,Multiplicity:1.00
0.100	0.100	0.700	0.100
0.100	0.100	0.100	0.700
0.100	0.100	0.700	0.100
0.700	0.100	0.100	0.100
0.700	0.100	0.100	0.100
0.100	0.100	0.100	0.700
0.100	0.700	0.100	0.100
0.100	0.700	0.100	0.100
>WCTAASGT	13-WCTAASGT	9.784530	-15.966207	0	T:25.0(1.06%),B:107.8(0.30%),P:1e-6	Tpos:107.7,Tstd:51.4,Bpos:77.8,Bstd:83.8,StrandBias:0.1,Multiplicity:1.00
0.542	0.001	0.001	0.456
0.001	0.997	0.001	0.001
0.001	0.001	0.001	0.997
0.997	0.001	0.001	0.001
0.997	0.001	0.001	0.001
0.001	0.509	0.489	0.001
0.001	0.001	0.997	0.001
0.001	0.001	0.001	0.997
>CAATTATA	14-CAATTATA	8.236954	-15.134890	0	T:25.0(1.06%),B:112.4(0.31%),P:1e-6	Tpos:92.2,Tstd:80.3,Bpos:103.5,Bstd:71.4,StrandBias:0.0,Multiplicity:1.00
0.100	0.700	0.100	0.100
0.700	0.100	0.100	0.100
0.700	0.100	0.100	0.100
0.100	0.100	0.100	0.700
0.100	0.100	0.100	0.700
0.700	0.100	0.100	0.100
0.100	0.100	0.100	0.700
0.700	0.100	0.100	0.100
>TCATCTCA	15-TCATCTCA	6.489339	-14.948116	0	T:125.0(5.29%),B:1180.8(3.30%),P:1e-6	Tpos:83.9,Tstd:56.6,Bpos:101.1,Bstd:100.3,StrandBias:0.2,Multiplicity:1.33
0.001	0.001	0.001	0.997
0.001	0.803	0.001	0.195
0.997	0.001	0.001	0.001
0.301	0.001	0.001	0.697
0.001	0.923	0.075	0.001
0.001	0.001	0.001	0.997
0.001	0.997	0.001	0.001
0.997	0.001	0.001	0.001
>GAGAACAA	16-GAGAACAA	8.307367	-14.417489	0	T:160.0(6.77%),B:1622.6(4.53%),P:1e-6	Tpos:105.7,Tstd:53.4,Bpos:96.2,Bstd:104.1,StrandBias:-0.0,Multiplicity:1.03
0.001	0.001	0.997	0.001
0.997	0.001	0.001	0.001
0.001	0.157	0.758	0.084
0.997	0.001	0.001	0.001
0.838	0.160	0.001	0.001
0.001	0.997	0.001	0.001
0.997	0.001	0.001	0.001
0.892	0.001	0.106	0.001
>NCTAAGGC	17-NCTAAGGC	6.673337	-13.157298	0	T:199.0(8.43%),B:2157.5(6.02%),P:1e-5	Tpos:100.9,Tstd:60.1,Bpos:98.3,Bstd:111.1,StrandBias:0.0,Multiplicity:1.25
0.279	0.287	0.254	0.180
0.001	0.915	0.001	0.083
0.001	0.001	0.001	0.997
0.478	0.198	0.001	0.323
0.954	0.044	0.001	0.001
0.002	0.060	0.937	0.001
0.165	0.157	0.672	0.006
0.167	0.517	0.060	0.256
>AGTAAATA	18-AGTAAATA	10.800135	-12.395111	0	T:25.0(1.06%),B:131.1(0.37%),P:1e-5	Tpos:104.3,Tstd:51.9,Bpos:100.1,Bstd:67.1,StrandBias:-0.6,Multiplicity:1.04
0.997	0.001	0.001	0.001
0.234	0.001	0.764	0.001
0.001	0.001	0.001	0.997
0.997	0.001	0.001	0.001
0.997	0.001	0.001	0.001
0.997	0.001	0.001	0.001
0.001	0.001	0.001	0.997
0.997	0.001	0.001	0.001
>ACATTATT	19-ACATTATT	8.236954	-11.024869	0	T:32.0(1.35%),B:208.4(0.58%),P:1e-4	Tpos:113.3,Tstd:49.3,Bpos:91.0,Bstd:104.9,StrandBias:0.1,Multiplicity:1.00
0.700	0.100	0.100	0.100
0.100	0.700	0.100	0.100
0.700	0.100	0.100	0.100
0.100	0.100	0.100	0.700
0.100	0.100	0.100	0.700
0.700	0.100	0.100	0.100
0.100	0.100	0.100	0.700
0.100	0.100	0.100	0.700
>CACGCACG	20-CACGCACG	10.957273	-9.982159	0	T:33.0(1.40%),B:230.7(0.64%),P:1e-4	Tpos:78.0,Tstd:56.5,Bpos:88.5,Bstd:110.1,StrandBias:-0.6,Multiplicity:1.30
0.001	0.997	0.001	0.001
0.997	0.001	0.001	0.001
0.001	0.997	0.001	0.001
0.001	0.001	0.997	0.001
0.001	0.997	0.001	0.001
0.997	0.001	0.001	0.001
0.001	0.894	0.104	0.001
0.001	0.001	0.997	0.001
>ATTAWTAA	21-ATTAWTAA	6.818168	-3.280282	0	T:60.0(2.54%),B:714.5(1.99%),P:1e-1	Tpos:104.1,Tstd:57.6,Bpos:101.7,Bstd:86.4,StrandBias:0.2,Multiplicity:1.17
0.674	0.101	0.063	0.162
0.194	0.077	0.087	0.642
0.187	0.022	0.010	0.781
0.858	0.073	0.046	0.023
0.440	0.120	0.077	0.363
0.021	0.041	0.077	0.861
0.519	0.083	0.147	0.251
0.506	0.118	0.070	0.306
