>GTCAGAAGAAAC	1-GTCAGAAGAAAC	13.250075	-85.462827	0	T:18.0(0.76%),B:1.7(0.00%),P:1e-37	Tpos:107.9,Tstd:74.4,Bpos:101.6,Bstd:16.1,StrandBias:0.3,Multiplicity:1.00
0.001	0.001	0.997	0.001
0.001	0.001	0.001	0.997
0.001	0.997	0.001	0.001
0.997	0.001	0.001	0.001
0.001	0.001	0.997	0.001
0.997	0.001	0.001	0.001
0.963	0.001	0.035	0.001
0.001	0.001	0.997	0.001
0.997	0.001	0.001	0.001
0.997	0.001	0.001	0.001
0.997	0.001	0.001	0.001
0.001	0.997	0.001	0.001
>TTACTTATCTAG	2-TTACTTATCTAG	13.250075	-73.048163	0	T:18.0(0.76%),B:3.0(0.01%),P:1e-31	Tpos:104.7,Tstd:43.1,Bpos:129.6,Bstd:32.1,StrandBias:0.3,Multiplicity:1.00
0.001	0.001	0.001	0.997
0.001	0.001	0.001	0.997
0.997	0.001	0.001	0.001
0.001	0.997	0.001	0.001
0.001	0.001	0.001	0.997
0.001	0.001	0.001	0.997
0.963	0.001	0.001	0.035
0.001	0.001	0.001	0.997
0.001	0.997	0.001	0.001
0.001	0.001	0.001	0.997
0.997	0.001	0.001	0.001
0.001	0.001	0.997	0.001
>GAGAACAACAGT	3-GAGAACAACAGT	12.355432	-68.124469	0	T:17.0(0.72%),B:2.1(0.01%),P:1e-29	Tpos:104.1,Tstd:59.4,Bpos:103.9,Bstd:16.5,StrandBias:0.2,Multiplicity:1.00
0.100	0.100	0.700	0.100
0.700	0.100	0.100	0.100
0.100	0.100	0.700	0.100
0.700	0.100	0.100	0.100
0.700	0.100	0.100	0.100
0.100	0.700	0.100	0.100
0.700	0.100	0.100	0.100
0.700	0.100	0.100	0.100
0.100	0.700	0.100	0.100
0.700	0.100	0.100	0.100
0.100	0.100	0.700	0.100
0.100	0.100	0.100	0.700
>AACAATTCAATT	4-AACAATTCAATT	12.355432	-61.293371	0	T:17.0(0.72%),B:3.9(0.01%),P:1e-26	Tpos:98.9,Tstd:22.3,Bpos:100.8,Bstd:42.8,StrandBias:0.2,Multiplicity:1.00
0.700	0.100	0.100	0.100
0.700	0.100	0.100	0.100
0.100	0.700	0.100	0.100
0.700	0.100	0.100	0.100
0.700	0.100	0.100	0.100
0.100	0.100	0.100	0.700
0.100	0.100	0.100	0.700
0.100	0.700	0.100	0.100
0.700	0.100	0.100	0.100
0.700	0.100	0.100	0.100
0.100	0.100	0.100	0.700
0.100	0.100	0.100	0.700
>CTRGCCTKGSCT	5-CTRGCCTKGSCT	4.633636	-52.850087	0	T:1381.0(58.47%),B:17269.5(48.22%),P:1e-22	Tpos:102.0,Tstd:57.7,Bpos:99.8,Bstd:112.5,StrandBias:-0.1,Multiplicity:1.59
0.001	0.666	0.022	0.311
0.266	0.054	0.130	0.550
0.361	0.047	0.398	0.194
0.145	0.177	0.486	0.192
0.118	0.425	0.205	0.252
0.162	0.676	0.001	0.161
0.313	0.003	0.001	0.683
0.237	0.044	0.389	0.330
0.245	0.001	0.647	0.107
0.156	0.390	0.319	0.135
0.075	0.606	0.246	0.073
0.206	0.001	0.001	0.792
>CCAACAGCTTCA	6-CCAACAGCTTCA	13.679970	-48.466585	0	T:18.0(0.76%),B:8.9(0.02%),P:1e-21	Tpos:95.4,Tstd:14.5,Bpos:109.3,Bstd:50.5,StrandBias:0.0,Multiplicity:1.00
0.001	0.997	0.001	0.001
0.057	0.941	0.001	0.001
0.997	0.001	0.001	0.001
0.997	0.001	0.001	0.001
0.001	0.997	0.001	0.001
0.997	0.001	0.001	0.001
0.001	0.001	0.997	0.001
0.001	0.997	0.001	0.001
0.001	0.001	0.001	0.997
0.001	0.001	0.001	0.997
0.001	0.941	0.057	0.001
0.997	0.001	0.001	0.001
>ATCCAACGACAT	7-ATCCAACGACAT	12.355432	-42.987593	0	T:17.0(0.72%),B:9.0(0.03%),P:1e-18	Tpos:105.8,Tstd:34.9,Bpos:102.0,Bstd:41.9,StrandBias:-0.2,Multiplicity:1.00
0.700	0.100	0.100	0.100
0.100	0.100	0.100	0.700
0.100	0.700	0.100	0.100
0.100	0.700	0.100	0.100
0.700	0.100	0.100	0.100
0.700	0.100	0.100	0.100
0.100	0.700	0.100	0.100
0.100	0.100	0.700	0.100
0.700	0.100	0.100	0.100
0.100	0.700	0.100	0.100
0.700	0.100	0.100	0.100
0.100	0.100	0.100	0.700
>AGTCAAAATGGC	8-AGTCAAAATGGC	12.355432	-42.219485	0	T:15.0(0.64%),B:6.9(0.02%),P:1e-18	Tpos:101.4,Tstd:15.8,Bpos:108.5,Bstd:39.2,StrandBias:0.2,Multiplicity:1.00
0.700	0.100	0.100	0.100
0.100	0.100	0.700	0.100
0.100	0.100	0.100	0.700
0.100	0.700	0.100	0.100
0.700	0.100	0.100	0.100
0.700	0.100	0.100	0.100
0.700	0.100	0.100	0.100
0.700	0.100	0.100	0.100
0.100	0.100	0.100	0.700
0.100	0.100	0.700	0.100
0.100	0.100	0.700	0.100
0.100	0.700	0.100	0.100
>SAATTAATTAAT	9-SAATTAATTAAT	15.059586	-38.764877	0	T:18.0(0.76%),B:14.1(0.04%),P:1e-16	Tpos:103.6,Tstd:17.1,Bpos:90.1,Bstd:38.1,StrandBias:0.3,Multiplicity:1.00
0.024	0.370	0.423	0.183
0.576	0.001	0.422	0.001
0.997	0.001	0.001	0.001
0.001	0.001	0.001	0.997
0.001	0.001	0.001	0.997
0.997	0.001	0.001	0.001
0.997	0.001	0.001	0.001
0.001	0.001	0.001	0.997
0.001	0.001	0.001	0.997
0.997	0.001	0.001	0.001
0.997	0.001	0.001	0.001
0.001	0.001	0.001	0.997
>TTGGACTGGATT	10-TTGGACTGGATT	12.589025	-38.706058	0	T:30.0(1.27%),B:57.3(0.16%),P:1e-16	Tpos:96.7,Tstd:71.7,Bpos:90.7,Bstd:85.8,StrandBias:0.0,Multiplicity:1.10
0.001	0.051	0.001	0.947
0.001	0.001	0.001	0.997
0.001	0.001	0.997	0.001
0.051	0.001	0.947	0.001
0.947	0.001	0.001	0.051
0.001	0.951	0.001	0.047
0.001	0.001	0.001	0.997
0.001	0.001	0.947	0.051
0.001	0.001	0.997	0.001
0.882	0.001	0.001	0.116
0.052	0.052	0.001	0.895
0.405	0.001	0.001	0.593
>TATTTCTACTAA	11-TATTTCTACTAA	13.935093	-37.272029	0	T:19.0(0.80%),B:18.6(0.05%),P:1e-16	Tpos:109.6,Tstd:43.1,Bpos:56.9,Bstd:67.6,StrandBias:-0.5,Multiplicity:1.00
0.075	0.001	0.001	0.923
0.997	0.001	0.001	0.001
0.001	0.001	0.001	0.997
0.001	0.001	0.001	0.997
0.001	0.001	0.001	0.997
0.001	0.997	0.001	0.001
0.001	0.001	0.001	0.997
0.997	0.001	0.001	0.001
0.001	0.997	0.001	0.001
0.075	0.001	0.001	0.923
0.997	0.001	0.001	0.001
0.997	0.001	0.001	0.001
>CCTACTACCRAT	12-CCTACTACCRAT	15.823777	-35.293198	0	T:25.0(1.06%),B:42.8(0.12%),P:1e-15	Tpos:101.8,Tstd:64.8,Bpos:62.0,Bstd:43.0,StrandBias:-0.3,Multiplicity:1.00
0.001	0.997	0.001	0.001
0.001	0.997	0.001	0.001
0.001	0.001	0.001	0.997
0.997	0.001	0.001	0.001
0.001	0.997	0.001	0.001
0.001	0.001	0.001	0.997
0.997	0.001	0.001	0.001
0.001	0.997	0.001	0.001
0.001	0.997	0.001	0.001
0.459	0.001	0.539	0.001
0.997	0.001	0.001	0.001
0.001	0.001	0.001	0.997
>CGCCCCTTCTAA	13-CGCCCCTTCTAA	10.060665	-31.434506	0	T:25.0(1.06%),B:50.7(0.14%),P:1e-13	Tpos:112.0,Tstd:55.2,Bpos:69.0,Bstd:105.2,StrandBias:0.4,Multiplicity:1.04
0.001	0.886	0.001	0.112
0.009	0.001	0.875	0.115
0.001	0.733	0.001	0.265
0.001	0.997	0.001	0.001
0.001	0.990	0.008	0.001
0.001	0.963	0.018	0.018
0.001	0.001	0.001	0.997
0.001	0.256	0.009	0.734
0.001	0.997	0.001	0.001
0.008	0.001	0.001	0.990
0.773	0.225	0.001	0.001
0.997	0.001	0.001	0.001
>ATTATWAKWAWA	14-ATTATWAKWAWA	9.044000	-28.627024	0	T:34.0(1.44%),B:110.0(0.31%),P:1e-12	Tpos:94.9,Tstd:66.5,Bpos:114.9,Bstd:81.8,StrandBias:0.1,Multiplicity:1.12
0.855	0.047	0.055	0.043
0.048	0.097	0.154	0.701
0.241	0.047	0.095	0.617
0.879	0.018	0.073	0.030
0.018	0.030	0.249	0.703
0.431	0.079	0.198	0.291
0.874	0.055	0.059	0.012
0.113	0.049	0.359	0.479
0.320	0.024	0.238	0.418
0.571	0.182	0.102	0.145
0.359	0.189	0.119	0.333
0.644	0.030	0.047	0.279
>GCAATGAGGATA	15-GCAATGAGGATA	10.306176	-27.296299	0	T:26.0(1.10%),B:66.2(0.18%),P:1e-11	Tpos:95.3,Tstd:57.2,Bpos:96.1,Bstd:83.8,StrandBias:0.4,Multiplicity:1.00
0.115	0.001	0.827	0.057
0.172	0.712	0.001	0.115
0.769	0.058	0.058	0.115
0.884	0.001	0.001	0.114
0.057	0.001	0.057	0.885
0.001	0.057	0.941	0.001
0.654	0.173	0.115	0.058
0.115	0.003	0.767	0.115
0.001	0.172	0.770	0.057
0.827	0.057	0.001	0.115
0.001	0.001	0.001	0.997
0.997	0.001	0.001	0.001
>CATGCCTCAAGA	16-CATGCCTCAAGA	12.355432	-21.510774	0	T:8.0(0.34%),B:4.8(0.01%),P:1e-9	Tpos:94.4,Tstd:67.4,Bpos:92.4,Bstd:37.8,StrandBias:0.7,Multiplicity:1.00
0.100	0.700	0.100	0.100
0.700	0.100	0.100	0.100
0.100	0.100	0.100	0.700
0.100	0.100	0.700	0.100
0.100	0.700	0.100	0.100
0.100	0.700	0.100	0.100
0.100	0.100	0.100	0.700
0.100	0.700	0.100	0.100
0.700	0.100	0.100	0.100
0.700	0.100	0.100	0.100
0.100	0.100	0.700	0.100
0.700	0.100	0.100	0.100
>CGCACGCACGTA	17-CGCACGCACGTA	7.465141	-19.711096	0	T:96.0(4.06%),B:756.7(2.11%),P:1e-8	Tpos:100.6,Tstd:60.3,Bpos:103.1,Bstd:116.0,StrandBias:-0.2,Multiplicity:1.09
0.070	0.726	0.094	0.110
0.145	0.090	0.642	0.123
0.081	0.820	0.029	0.070
0.837	0.041	0.056	0.066
0.063	0.835	0.046	0.056
0.160	0.062	0.716	0.062
0.096	0.750	0.047	0.107
0.776	0.084	0.104	0.036
0.082	0.802	0.083	0.033
0.110	0.081	0.770	0.039
0.093	0.181	0.116	0.610
0.717	0.119	0.084	0.080
>CAGGCAGTCAGT	18-CAGGCAGTCAGT	9.110220	-16.516111	0	T:41.0(1.74%),B:238.5(0.67%),P:1e-7	Tpos:90.8,Tstd:45.8,Bpos:99.4,Bstd:94.0,StrandBias:0.5,Multiplicity:1.10
0.001	0.997	0.001	0.001
0.997	0.001	0.001	0.001
0.066	0.149	0.708	0.077
0.224	0.077	0.508	0.191
0.001	0.726	0.001	0.272
0.857	0.001	0.001	0.141
0.075	0.001	0.923	0.001
0.086	0.001	0.066	0.847
0.108	0.886	0.001	0.005
0.928	0.001	0.070	0.001
0.001	0.001	0.997	0.001
0.015	0.012	0.218	0.755
>ACGCAACKCATC	19-ACGCAACKCATC	10.134271	-14.974797	0	T:27.0(1.14%),B:129.7(0.36%),P:1e-6	Tpos:78.6,Tstd:49.1,Bpos:121.6,Bstd:88.2,StrandBias:1.4,Multiplicity:1.15
0.997	0.001	0.001	0.001
0.001	0.965	0.033	0.001
0.127	0.253	0.421	0.199
0.001	0.993	0.005	0.001
0.872	0.126	0.001	0.001
0.872	0.001	0.126	0.001
0.194	0.679	0.126	0.001
0.001	0.001	0.547	0.451
0.001	0.997	0.001	0.001
0.997	0.001	0.001	0.001
0.261	0.126	0.001	0.612
0.252	0.746	0.001	0.001
>TCTAGTCTAGTC	20-TCTAGTCTAGTC	6.838746	-13.089152	0	T:185.0(7.83%),B:1979.3(5.53%),P:1e-5	Tpos:96.3,Tstd:56.4,Bpos:92.8,Bstd:103.1,StrandBias:0.0,Multiplicity:1.06
0.062	0.042	0.039	0.857
0.063	0.770	0.102	0.065
0.073	0.134	0.065	0.728
0.635	0.143	0.105	0.117
0.055	0.098	0.773	0.074
0.074	0.043	0.053	0.830
0.091	0.734	0.114	0.061
0.078	0.103	0.073	0.746
0.687	0.103	0.103	0.107
0.069	0.141	0.712	0.078
0.042	0.089	0.050	0.819
0.129	0.710	0.075	0.086
>ATCTCATCTCAT	21-ATCTCATCTCAT	10.213888	-13.062988	0	T:27.0(1.14%),B:143.8(0.40%),P:1e-5	Tpos:86.7,Tstd:53.1,Bpos:96.1,Bstd:103.2,StrandBias:1.1,Multiplicity:1.08
0.838	0.052	0.026	0.084
0.027	0.040	0.053	0.880
0.026	0.842	0.053	0.079
0.020	0.161	0.040	0.779
0.026	0.938	0.035	0.001
0.934	0.001	0.019	0.046
0.026	0.052	0.001	0.921
0.040	0.856	0.052	0.052
0.078	0.161	0.098	0.663
0.052	0.751	0.089	0.108
0.730	0.134	0.026	0.110
0.052	0.046	0.026	0.876
>TCTCATCTCATC	22-TCTCATCTCATC	9.003262	-12.829120	0	T:51.0(2.16%),B:378.9(1.06%),P:1e-5	Tpos:110.3,Tstd:59.0,Bpos:95.0,Bstd:97.4,StrandBias:-0.8,Multiplicity:1.00
0.022	0.035	0.035	0.908
0.035	0.778	0.116	0.071
0.018	0.035	0.071	0.876
0.035	0.929	0.035	0.001
0.783	0.035	0.035	0.147
0.047	0.048	0.035	0.870
0.087	0.828	0.050	0.035
0.084	0.071	0.027	0.818
0.071	0.801	0.035	0.093
0.790	0.144	0.001	0.065
0.070	0.133	0.001	0.796
0.106	0.858	0.035	0.001
>CTCACCGCCGCT	23-CTCACCGCCGCT	7.814445	-11.705658	0	T:34.0(1.44%),B:220.4(0.62%),P:1e-5	Tpos:102.0,Tstd:63.0,Bpos:99.9,Bstd:119.3,StrandBias:-0.4,Multiplicity:1.00
0.001	0.997	0.001	0.001
0.371	0.030	0.001	0.598
0.001	0.784	0.214	0.001
0.997	0.001	0.001	0.001
0.217	0.653	0.001	0.129
0.001	0.971	0.001	0.027
0.216	0.142	0.434	0.208
0.001	0.997	0.001	0.001
0.391	0.607	0.001	0.001
0.001	0.408	0.590	0.001
0.001	0.997	0.001	0.001
0.001	0.001	0.001	0.997
>ATATTATATAAT	24-ATATTATATAAT	12.672446	-7.417369	0	T:5.0(0.21%),B:10.3(0.03%),P:1e-3	Tpos:89.6,Tstd:43.5,Bpos:73.5,Bstd:28.2,StrandBias:-0.6,Multiplicity:1.00
0.997	0.001	0.001	0.001
0.001	0.001	0.001	0.997
0.997	0.001	0.001	0.001
0.001	0.001	0.001	0.997
0.022	0.001	0.001	0.976
0.997	0.001	0.001	0.001
0.001	0.001	0.001	0.997
0.997	0.001	0.001	0.001
0.001	0.001	0.001	0.997
0.869	0.001	0.112	0.018
0.576	0.422	0.001	0.001
0.422	0.001	0.001	0.576
>ATWAATTAATTW	25-ATWAATTAATTW	9.750345	-3.601468	0	T:17.0(0.72%),B:152.9(0.43%),P:1e-1	Tpos:119.2,Tstd:69.3,Bpos:101.4,Bstd:70.6,StrandBias:0.1,Multiplicity:1.00
0.894	0.035	0.001	0.070
0.106	0.071	0.035	0.788
0.455	0.001	0.001	0.543
0.634	0.036	0.001	0.329
0.929	0.035	0.001	0.035
0.035	0.071	0.001	0.893
0.235	0.035	0.001	0.729
0.670	0.001	0.035	0.294
0.928	0.001	0.001	0.070
0.036	0.036	0.009	0.919
0.341	0.036	0.001	0.622
0.450	0.009	0.001	0.540
