>CCAATTATAAGT	1-CCAATTATAAGT	12.355432	-116.513918	0	T:23.0(1.10%),B:1.4(0.00%),P:1e-50	Tpos:104.0,Tstd:89.6,Bpos:101.8,Bstd:13.7,StrandBias:-0.1,Multiplicity:1.00
0.100	0.700	0.100	0.100
0.100	0.700	0.100	0.100
0.700	0.100	0.100	0.100
0.700	0.100	0.100	0.100
0.100	0.100	0.100	0.700
0.100	0.100	0.100	0.700
0.700	0.100	0.100	0.100
0.100	0.100	0.100	0.700
0.700	0.100	0.100	0.100
0.700	0.100	0.100	0.100
0.100	0.100	0.700	0.100
0.100	0.100	0.100	0.700
>TTACTTATCTAG	2-TTACTTATCTAG	12.830221	-111.290435	0	T:25.0(1.19%),B:2.9(0.01%),P:1e-48	Tpos:96.3,Tstd:43.4,Bpos:128.5,Bstd:31.7,StrandBias:-0.1,Multiplicity:1.00
0.001	0.001	0.001	0.997
0.001	0.001	0.001	0.997
0.975	0.001	0.023	0.001
0.001	0.997	0.001	0.001
0.001	0.001	0.001	0.997
0.001	0.001	0.001	0.997
0.997	0.001	0.001	0.001
0.001	0.001	0.001	0.997
0.001	0.997	0.001	0.001
0.001	0.001	0.001	0.997
0.997	0.001	0.001	0.001
0.001	0.001	0.997	0.001
>GAGAACAACAGT	3-GAGAACAACAGT	12.355432	-105.938745	0	T:24.0(1.15%),B:2.3(0.01%),P:1e-46	Tpos:99.4,Tstd:59.4,Bpos:108.5,Bstd:16.6,StrandBias:0.0,Multiplicity:1.00
0.100	0.100	0.700	0.100
0.700	0.100	0.100	0.100
0.100	0.100	0.700	0.100
0.700	0.100	0.100	0.100
0.700	0.100	0.100	0.100
0.100	0.700	0.100	0.100
0.700	0.100	0.100	0.100
0.700	0.100	0.100	0.100
0.100	0.700	0.100	0.100
0.700	0.100	0.100	0.100
0.100	0.100	0.700	0.100
0.100	0.100	0.100	0.700
>AACAATTCAATT	4-AACAATTCAATT	12.355432	-101.210752	0	T:25.0(1.19%),B:3.8(0.01%),P:1e-43	Tpos:98.5,Tstd:22.6,Bpos:103.0,Bstd:40.9,StrandBias:0.1,Multiplicity:1.00
0.700	0.100	0.100	0.100
0.700	0.100	0.100	0.100
0.100	0.700	0.100	0.100
0.700	0.100	0.100	0.100
0.700	0.100	0.100	0.100
0.100	0.100	0.100	0.700
0.100	0.100	0.100	0.700
0.100	0.700	0.100	0.100
0.700	0.100	0.100	0.100
0.700	0.100	0.100	0.100
0.100	0.100	0.100	0.700
0.100	0.100	0.100	0.700
>CATCCAACGACA	5-CATCCAACGACA	12.355432	-80.980129	0	T:26.0(1.24%),B:8.3(0.02%),P:1e-35	Tpos:106.5,Tstd:35.7,Bpos:107.2,Bstd:43.4,StrandBias:-0.2,Multiplicity:1.00
0.100	0.700	0.100	0.100
0.700	0.100	0.100	0.100
0.100	0.100	0.100	0.700
0.100	0.700	0.100	0.100
0.100	0.700	0.100	0.100
0.700	0.100	0.100	0.100
0.700	0.100	0.100	0.100
0.100	0.700	0.100	0.100
0.100	0.100	0.700	0.100
0.700	0.100	0.100	0.100
0.100	0.700	0.100	0.100
0.700	0.100	0.100	0.100
>CAAGDCARWABR	6-CAAGDCARWABR	8.113972	-67.065742	0	T:25.0(1.19%),B:12.7(0.04%),P:1e-29	Tpos:99.8,Tstd:56.7,Bpos:96.2,Bstd:39.6,StrandBias:0.1,Multiplicity:1.88
0.044	0.836	0.076	0.044
0.627	0.297	0.044	0.032
0.715	0.025	0.228	0.032
0.241	0.209	0.518	0.032
0.266	0.139	0.228	0.367
0.044	0.481	0.209	0.266
0.468	0.025	0.209	0.298
0.374	0.025	0.430	0.171
0.411	0.165	0.101	0.323
0.564	0.196	0.177	0.063
0.025	0.285	0.354	0.335
0.367	0.057	0.513	0.063
>SRATTAATTAAT	7-SRATTAATTAAT	15.095898	-63.325792	0	T:25.0(1.19%),B:14.1(0.04%),P:1e-27	Tpos:100.2,Tstd:9.5,Bpos:89.5,Bstd:36.7,StrandBias:0.1,Multiplicity:1.00
0.015	0.407	0.456	0.122
0.543	0.001	0.455	0.001
0.997	0.001	0.001	0.001
0.001	0.001	0.001	0.997
0.001	0.001	0.001	0.997
0.997	0.001	0.001	0.001
0.997	0.001	0.001	0.001
0.001	0.001	0.001	0.997
0.001	0.001	0.001	0.997
0.997	0.001	0.001	0.001
0.997	0.001	0.001	0.001
0.001	0.001	0.001	0.997
>CCCTACTACCGA	8-CCCTACTACCGA	11.751855	-58.859804	0	T:35.0(1.67%),B:47.4(0.14%),P:1e-25	Tpos:103.3,Tstd:65.1,Bpos:63.7,Bstd:48.4,StrandBias:-0.2,Multiplicity:1.00
0.001	0.997	0.001	0.001
0.001	0.997	0.001	0.001
0.001	0.997	0.001	0.001
0.001	0.001	0.001	0.997
0.997	0.001	0.001	0.001
0.001	0.997	0.001	0.001
0.001	0.030	0.001	0.968
0.997	0.001	0.001	0.001
0.001	0.997	0.001	0.001
0.001	0.997	0.001	0.001
0.260	0.001	0.738	0.001
0.997	0.001	0.001	0.001
>CCCTTCKAASRT	9-CCCTTCKAASRT	11.701745	-51.348650	0	T:33.0(1.57%),B:51.5(0.15%),P:1e-22	Tpos:106.3,Tstd:53.7,Bpos:51.0,Bstd:40.6,StrandBias:-0.3,Multiplicity:1.00
0.001	0.997	0.001	0.001
0.001	0.812	0.001	0.186
0.245	0.501	0.243	0.011
0.001	0.001	0.001	0.997
0.001	0.001	0.001	0.997
0.001	0.997	0.001	0.001
0.001	0.001	0.516	0.482
0.746	0.001	0.243	0.010
0.959	0.001	0.039	0.001
0.040	0.487	0.472	0.001
0.429	0.243	0.326	0.001
0.030	0.001	0.001	0.968
>AGKCCAGTCCAA	10-AGKCCAGTCCAA	9.892724	-50.227929	0	T:46.0(2.19%),B:118.9(0.34%),P:1e-21	Tpos:95.0,Tstd:69.1,Bpos:91.3,Bstd:90.8,StrandBias:0.6,Multiplicity:1.07
0.856	0.001	0.001	0.142
0.331	0.062	0.525	0.082
0.080	0.188	0.322	0.411
0.001	0.878	0.030	0.091
0.001	0.939	0.059	0.001
0.712	0.059	0.001	0.228
0.267	0.216	0.438	0.079
0.141	0.001	0.001	0.857
0.001	0.868	0.083	0.048
0.078	0.630	0.001	0.291
0.880	0.118	0.001	0.001
0.581	0.119	0.181	0.119
>TATTAHTAHTAA	11-TATTAHTAHTAA	10.277119	-47.091149	0	T:38.0(1.81%),B:84.0(0.24%),P:1e-20	Tpos:93.7,Tstd:57.6,Bpos:100.5,Bstd:90.5,StrandBias:0.0,Multiplicity:1.05
0.068	0.001	0.027	0.904
0.660	0.001	0.173	0.166
0.344	0.069	0.082	0.505
0.080	0.014	0.014	0.892
0.530	0.001	0.137	0.332
0.261	0.346	0.023	0.370
0.171	0.110	0.001	0.718
0.851	0.014	0.042	0.093
0.309	0.296	0.083	0.313
0.180	0.091	0.001	0.728
0.765	0.014	0.069	0.152
0.557	0.083	0.041	0.319
>TAGAGTAGAGTA	12-TAGAGTAGAGTA	7.046681	-28.739897	0	T:151.0(7.20%),B:1337.0(3.82%),P:1e-12	Tpos:100.4,Tstd:60.4,Bpos:95.0,Bstd:94.7,StrandBias:-0.4,Multiplicity:1.06
0.068	0.114	0.079	0.739
0.713	0.071	0.120	0.096
0.060	0.084	0.776	0.080
0.767	0.076	0.063	0.094
0.081	0.065	0.800	0.054
0.115	0.101	0.078	0.706
0.759	0.052	0.091	0.098
0.086	0.078	0.775	0.061
0.764	0.064	0.079	0.093
0.090	0.084	0.778	0.048
0.095	0.124	0.111	0.670
0.751	0.060	0.064	0.125
>CCAVSYCAAGCC	13-CCAVSYCAAGCC	6.320599	-28.348554	0	T:520.0(24.81%),B:6469.9(18.50%),P:1e-12	Tpos:101.7,Tstd:55.3,Bpos:100.2,Bstd:111.3,StrandBias:-0.0,Multiplicity:1.20
0.117	0.500	0.061	0.322
0.289	0.680	0.030	0.001
0.799	0.001	0.001	0.199
0.264	0.218	0.362	0.156
0.001	0.333	0.410	0.255
0.191	0.435	0.007	0.367
0.170	0.772	0.057	0.001
0.835	0.048	0.034	0.083
0.919	0.001	0.001	0.079
0.217	0.159	0.563	0.061
0.086	0.626	0.242	0.046
0.093	0.645	0.092	0.170
>CAATGAGGATAA	14-CAATGAGGATAA	11.000505	-24.207639	0	T:18.0(0.86%),B:37.7(0.11%),P:1e-10	Tpos:110.8,Tstd:55.6,Bpos:116.6,Bstd:55.7,StrandBias:0.0,Multiplicity:1.00
0.001	0.979	0.019	0.001
0.727	0.136	0.136	0.001
0.997	0.001	0.001	0.001
0.001	0.272	0.272	0.455
0.272	0.001	0.707	0.020
0.727	0.136	0.136	0.001
0.001	0.020	0.959	0.020
0.001	0.001	0.863	0.135
0.997	0.001	0.001	0.001
0.135	0.001	0.001	0.863
0.997	0.001	0.001	0.001
0.727	0.001	0.001	0.271
>WGCTWRGCHTAG	15-WGCTWRGCHTAG	4.682165	-23.939578	0	T:926.0(44.18%),B:13014.1(37.22%),P:1e-10	Tpos:100.4,Tstd:56.4,Bpos:99.6,Bstd:119.7,StrandBias:0.0,Multiplicity:1.40
0.406	0.087	0.163	0.345
0.001	0.154	0.792	0.053
0.001	0.807	0.149	0.043
0.128	0.254	0.021	0.597
0.335	0.091	0.111	0.462
0.455	0.001	0.408	0.137
0.001	0.001	0.997	0.001
0.001	0.779	0.025	0.195
0.309	0.272	0.021	0.399
0.209	0.171	0.143	0.477
0.504	0.064	0.145	0.287
0.021	0.127	0.831	0.021
>CTGTGTGTGTST	16-CTGTGTGTGTST	7.084896	-22.387231	0	T:272.0(12.98%),B:3089.3(8.84%),P:1e-9	Tpos:99.2,Tstd:55.7,Bpos:100.2,Bstd:107.8,StrandBias:0.0,Multiplicity:1.17
0.085	0.593	0.321	0.001
0.001	0.001	0.131	0.867
0.118	0.244	0.637	0.001
0.001	0.212	0.001	0.786
0.106	0.236	0.476	0.182
0.001	0.001	0.044	0.954
0.165	0.073	0.498	0.263
0.090	0.129	0.047	0.734
0.046	0.339	0.491	0.124
0.135	0.196	0.001	0.668
0.001	0.549	0.449	0.001
0.001	0.136	0.046	0.817
>NNCAGTCCAAYN	17-NNCAGTCCAAYN	4.716873	-20.237713	0	T:671.0(32.01%),B:9156.2(26.19%),P:1e-8	Tpos:101.1,Tstd:56.6,Bpos:100.6,Bstd:123.3,StrandBias:0.0,Multiplicity:1.31
0.222	0.269	0.245	0.264
0.211	0.351	0.220	0.218
0.036	0.683	0.172	0.109
0.499	0.229	0.181	0.091
0.032	0.109	0.815	0.044
0.131	0.167	0.251	0.451
0.073	0.758	0.108	0.061
0.059	0.642	0.185	0.114
0.449	0.176	0.189	0.186
0.456	0.200	0.218	0.126
0.179	0.367	0.181	0.273
0.267	0.214	0.271	0.248
>CACACACACACA	18-CACACACACACA	2.414316	-16.250769	0	T:957.0(45.66%),B:13989.0(40.01%),P:1e-7	Tpos:101.4,Tstd:56.3,Bpos:99.3,Bstd:107.5,StrandBias:0.0,Multiplicity:1.36
0.001	0.869	0.043	0.087
0.784	0.130	0.043	0.043
0.001	0.956	0.001	0.042
0.696	0.174	0.043	0.087
0.130	0.826	0.043	0.001
0.740	0.087	0.130	0.043
0.087	0.783	0.087	0.043
0.913	0.043	0.001	0.043
0.001	0.869	0.043	0.087
0.739	0.001	0.043	0.217
0.001	0.956	0.001	0.042
0.869	0.001	0.001	0.129
>CGCACTCATGTC	19-CGCACTCATGTC	10.409522	-14.050370	0	T:9.0(0.43%),B:16.7(0.05%),P:1e-6	Tpos:99.9,Tstd:54.0,Bpos:94.8,Bstd:86.2,StrandBias:0.0,Multiplicity:1.00
0.100	0.700	0.100	0.100
0.100	0.100	0.700	0.100
0.100	0.700	0.100	0.100
0.700	0.100	0.100	0.100
0.100	0.700	0.100	0.100
0.100	0.100	0.100	0.700
0.100	0.700	0.100	0.100
0.700	0.100	0.100	0.100
0.100	0.100	0.100	0.700
0.100	0.100	0.700	0.100
0.100	0.100	0.100	0.700
0.100	0.700	0.100	0.100
>VCARVACCARAC	20-VCARVACCARAC	7.960982	-10.842468	0	T:37.0(1.77%),B:286.4(0.82%),P:1e-4	Tpos:105.1,Tstd:63.3,Bpos:101.8,Bstd:118.4,StrandBias:0.7,Multiplicity:1.07
0.255	0.342	0.260	0.144
0.026	0.623	0.332	0.019
0.469	0.141	0.098	0.292
0.346	0.182	0.454	0.018
0.338	0.319	0.199	0.144
0.518	0.233	0.009	0.240
0.009	0.533	0.282	0.176
0.019	0.829	0.146	0.006
0.805	0.178	0.009	0.008
0.441	0.013	0.529	0.017
0.614	0.240	0.020	0.126
0.026	0.487	0.267	0.219
>CTGGCCCTGGCC	21-CTGGCCCTGGCC	9.818885	-7.385305	0	T:86.0(4.10%),B:993.8(2.84%),P:1e-3	Tpos:123.1,Tstd:53.8,Bpos:110.4,Bstd:151.4,StrandBias:-0.4,Multiplicity:1.33
0.234	0.762	0.001	0.003
0.001	0.001	0.001	0.997
0.001	0.073	0.921	0.005
0.195	0.074	0.730	0.001
0.001	0.657	0.001	0.341
0.157	0.480	0.175	0.188
0.001	0.741	0.001	0.257
0.004	0.001	0.001	0.994
0.008	0.001	0.941	0.050
0.305	0.191	0.479	0.025
0.001	0.608	0.075	0.316
0.103	0.809	0.001	0.087
>TTTTAATTTATT	22-TTTTAATTTATT	13.020173	-6.255757	0	T:3.0(0.14%),B:4.6(0.01%),P:1e-2	Tpos:116.7,Tstd:67.7,Bpos:117.8,Bstd:24.3,StrandBias:10.0,Multiplicity:1.00
0.001	0.001	0.036	0.962
0.283	0.037	0.037	0.643
0.001	0.148	0.037	0.814
0.259	0.009	0.001	0.731
0.532	0.074	0.111	0.283
0.736	0.001	0.001	0.262
0.074	0.112	0.037	0.777
0.111	0.001	0.001	0.887
0.111	0.001	0.111	0.777
0.766	0.038	0.121	0.075
0.037	0.001	0.037	0.925
0.037	0.037	0.001	0.925
>AGCTTGAGCTTG	23-AGCTTGAGCTTG	8.819694	-6.219503	0	T:64.0(3.05%),B:727.8(2.08%),P:1e-2	Tpos:88.5,Tstd:55.1,Bpos:100.1,Bstd:121.8,StrandBias:-0.1,Multiplicity:1.20
0.872	0.060	0.001	0.067
0.134	0.190	0.657	0.019
0.133	0.609	0.067	0.191
0.192	0.067	0.001	0.740
0.152	0.044	0.175	0.629
0.154	0.180	0.665	0.001
0.875	0.016	0.001	0.108
0.069	0.103	0.686	0.142
0.001	0.861	0.012	0.126
0.064	0.103	0.060	0.773
0.069	0.086	0.001	0.844
0.001	0.245	0.558	0.196
>TTTATTTTATTT	24-TTTATTTTATTT	13.480492	-4.100905	0	T:4.0(0.19%),B:16.5(0.05%),P:1e-1	Tpos:54.1,Tstd:42.4,Bpos:90.7,Bstd:24.4,StrandBias:3.4,Multiplicity:2.25
0.001	0.001	0.001	0.997
0.001	0.001	0.001	0.997
0.040	0.052	0.001	0.907
0.997	0.001	0.001	0.001
0.001	0.001	0.001	0.997
0.001	0.051	0.001	0.947
0.001	0.001	0.001	0.997
0.051	0.001	0.001	0.947
0.997	0.001	0.001	0.001
0.001	0.001	0.001	0.997
0.001	0.001	0.001	0.997
0.001	0.001	0.001	0.997
>ATTAATTAATTA	25-ATTAATTAATTA	13.362676	-3.392332	0	T:4.0(0.19%),B:20.3(0.06%),P:1e-1	Tpos:139.1,Tstd:72.5,Bpos:86.9,Bstd:53.2,StrandBias:-0.3,Multiplicity:1.00
0.997	0.001	0.001	0.001
0.001	0.001	0.001	0.997
0.001	0.001	0.001	0.997
0.689	0.001	0.001	0.309
0.997	0.001	0.001	0.001
0.001	0.001	0.001	0.997
0.001	0.001	0.001	0.997
0.633	0.001	0.001	0.365
0.997	0.001	0.001	0.001
0.001	0.001	0.001	0.997
0.055	0.001	0.001	0.943
0.633	0.001	0.001	0.365
