>TCTAGTGAAT	1-TCTAGTGAAT	10.296193	-79.799547	0	T:24.0(1.15%),B:6.9(0.02%),P:1e-34	Tpos:99.4,Tstd:35.5,Bpos:79.1,Bstd:54.8,StrandBias:0.0,Multiplicity:1.00
0.100	0.100	0.100	0.700
0.100	0.700	0.100	0.100
0.100	0.100	0.100	0.700
0.700	0.100	0.100	0.100
0.100	0.100	0.700	0.100
0.100	0.100	0.100	0.700
0.100	0.100	0.700	0.100
0.700	0.100	0.100	0.100
0.700	0.100	0.100	0.100
0.100	0.100	0.100	0.700
>AATTCAATTA	2-AATTCAATTA	10.296193	-63.325792	0	T:25.0(1.19%),B:14.4(0.04%),P:1e-27	Tpos:100.4,Tstd:20.8,Bpos:110.6,Bstd:32.0,StrandBias:0.1,Multiplicity:1.00
0.700	0.100	0.100	0.100
0.700	0.100	0.100	0.100
0.100	0.100	0.100	0.700
0.100	0.100	0.100	0.700
0.100	0.700	0.100	0.100
0.700	0.100	0.100	0.100
0.700	0.100	0.100	0.100
0.100	0.100	0.100	0.700
0.100	0.100	0.100	0.700
0.700	0.100	0.100	0.100
>GTCAAAATGG	3-GTCAAAATGG	10.296193	-61.930253	0	T:23.0(1.10%),B:11.8(0.03%),P:1e-26	Tpos:100.1,Tstd:16.0,Bpos:104.4,Bstd:36.0,StrandBias:0.1,Multiplicity:1.00
0.100	0.100	0.700	0.100
0.100	0.100	0.100	0.700
0.100	0.700	0.100	0.100
0.700	0.100	0.100	0.100
0.700	0.100	0.100	0.100
0.700	0.100	0.100	0.100
0.700	0.100	0.100	0.100
0.100	0.100	0.100	0.700
0.100	0.100	0.700	0.100
0.100	0.100	0.700	0.100
>AGBCYWRKCC	4-AGBCYWRKCC	5.302302	-56.940638	0	T:794.0(37.88%),B:9590.3(27.43%),P:1e-24	Tpos:99.5,Tstd:57.4,Bpos:102.4,Bstd:124.8,StrandBias:-0.1,Multiplicity:1.61
0.537	0.001	0.118	0.344
0.307	0.153	0.539	0.001
0.001	0.289	0.414	0.296
0.001	0.771	0.001	0.227
0.210	0.405	0.006	0.379
0.393	0.001	0.157	0.449
0.443	0.001	0.555	0.001
0.145	0.001	0.498	0.356
0.196	0.489	0.313	0.001
0.171	0.517	0.001	0.311
>TCCAACAGCT	5-TCCAACAGCT	10.296193	-54.377193	0	T:26.0(1.24%),B:23.9(0.07%),P:1e-23	Tpos:102.2,Tstd:17.3,Bpos:89.2,Bstd:66.9,StrandBias:0.2,Multiplicity:1.00
0.100	0.100	0.100	0.700
0.100	0.700	0.100	0.100
0.100	0.700	0.100	0.100
0.700	0.100	0.100	0.100
0.700	0.100	0.100	0.100
0.100	0.700	0.100	0.100
0.700	0.100	0.100	0.100
0.100	0.100	0.700	0.100
0.100	0.700	0.100	0.100
0.100	0.100	0.100	0.700
>TTCTTCTGAC	6-TTCTTCTGAC	12.512695	-53.596106	0	T:23.0(1.10%),B:16.6(0.05%),P:1e-23	Tpos:103.4,Tstd:76.6,Bpos:141.7,Bstd:35.5,StrandBias:0.1,Multiplicity:1.00
0.076	0.038	0.076	0.810
0.105	0.038	0.038	0.819
0.001	0.894	0.076	0.029
0.037	0.001	0.001	0.961
0.307	0.001	0.001	0.691
0.001	0.997	0.001	0.001
0.001	0.001	0.001	0.997
0.270	0.038	0.691	0.001
0.961	0.001	0.001	0.037
0.001	0.997	0.001	0.001
>GGAGAACAAC	7-GGAGAACAAC	10.296193	-50.585802	0	T:24.0(1.15%),B:21.3(0.06%),P:1e-21	Tpos:99.4,Tstd:61.4,Bpos:64.6,Bstd:47.1,StrandBias:0.0,Multiplicity:1.00
0.100	0.100	0.700	0.100
0.100	0.100	0.700	0.100
0.700	0.100	0.100	0.100
0.100	0.100	0.700	0.100
0.700	0.100	0.100	0.100
0.700	0.100	0.100	0.100
0.100	0.700	0.100	0.100
0.700	0.100	0.100	0.100
0.700	0.100	0.100	0.100
0.100	0.700	0.100	0.100
>AATTAATTVA	8-AATTAATTVA	11.196744	-48.587405	0	T:28.0(1.34%),B:36.5(0.10%),P:1e-21	Tpos:127.2,Tstd:44.8,Bpos:109.7,Bstd:89.5,StrandBias:-0.1,Multiplicity:1.00
0.955	0.001	0.016	0.028
0.971	0.014	0.001	0.014
0.059	0.001	0.014	0.926
0.210	0.001	0.001	0.788
0.997	0.001	0.001	0.001
0.991	0.001	0.001	0.007
0.196	0.008	0.028	0.768
0.074	0.299	0.001	0.626
0.339	0.299	0.360	0.001
0.638	0.001	0.360	0.001
>ATACTGAGGA	9-ATACTGAGGA	11.055281	-45.341114	0	T:30.0(1.43%),B:49.3(0.14%),P:1e-19	Tpos:98.5,Tstd:73.8,Bpos:80.8,Bstd:74.1,StrandBias:0.2,Multiplicity:1.00
0.997	0.001	0.001	0.001
0.001	0.001	0.001	0.997
0.997	0.001	0.001	0.001
0.001	0.936	0.062	0.001
0.001	0.001	0.001	0.997
0.001	0.001	0.997	0.001
0.997	0.001	0.001	0.001
0.001	0.001	0.997	0.001
0.001	0.001	0.997	0.001
0.997	0.001	0.001	0.001
>CTTCTAAGGT	10-CTTCTAAGGT	10.665816	-43.424633	0	T:28.0(1.34%),B:44.2(0.13%),P:1e-18	Tpos:105.9,Tstd:55.1,Bpos:52.3,Bstd:45.7,StrandBias:-0.2,Multiplicity:1.00
0.001	0.956	0.001	0.042
0.001	0.001	0.001	0.997
0.001	0.001	0.001	0.997
0.001	0.997	0.001	0.001
0.001	0.001	0.001	0.997
0.997	0.001	0.001	0.001
0.997	0.001	0.001	0.001
0.001	0.001	0.997	0.001
0.001	0.001	0.997	0.001
0.001	0.001	0.001	0.997
>TAAATACTTC	11-TAAATACTTC	11.383734	-42.293955	0	T:28.0(1.34%),B:46.7(0.13%),P:1e-18	Tpos:98.5,Tstd:46.9,Bpos:90.1,Bstd:71.6,StrandBias:-0.2,Multiplicity:1.00
0.001	0.001	0.001	0.997
0.997	0.001	0.001	0.001
0.968	0.030	0.001	0.001
0.607	0.001	0.001	0.391
0.001	0.001	0.001	0.997
0.997	0.001	0.001	0.001
0.391	0.607	0.001	0.001
0.001	0.001	0.001	0.997
0.001	0.040	0.001	0.958
0.249	0.618	0.031	0.102
>AGCACAGCAC	12-AGCACAGCAC	5.748242	-36.381208	0	T:466.0(22.23%),B:5395.2(15.43%),P:1e-15	Tpos:101.2,Tstd:59.5,Bpos:98.7,Bstd:108.4,StrandBias:0.1,Multiplicity:1.22
0.729	0.121	0.133	0.017
0.156	0.012	0.761	0.071
0.114	0.624	0.095	0.167
0.594	0.105	0.164	0.137
0.091	0.585	0.168	0.156
0.919	0.001	0.070	0.010
0.177	0.100	0.568	0.155
0.129	0.635	0.101	0.135
0.795	0.141	0.001	0.063
0.089	0.789	0.003	0.119
>CCCTMCTAAC	13-CCCTMCTAAC	8.036008	-34.767718	0	T:41.0(1.96%),B:142.9(0.41%),P:1e-15	Tpos:104.1,Tstd:54.9,Bpos:88.5,Bstd:88.0,StrandBias:-0.2,Multiplicity:1.63
0.030	0.584	0.001	0.385
0.083	0.544	0.079	0.294
0.096	0.450	0.263	0.191
0.097	0.144	0.001	0.758
0.442	0.417	0.001	0.139
0.142	0.785	0.072	0.001
0.001	0.035	0.065	0.899
0.584	0.002	0.223	0.191
0.800	0.198	0.001	0.001
0.001	0.754	0.244	0.001
>AGGTGTATAC	14-AGGTGTATAC	5.922164	-30.020489	0	T:384.0(18.32%),B:4425.4(12.66%),P:1e-13	Tpos:103.9,Tstd:58.6,Bpos:99.4,Bstd:104.2,StrandBias:-0.1,Multiplicity:1.16
0.571	0.016	0.128	0.285
0.196	0.096	0.707	0.001
0.128	0.001	0.856	0.015
0.062	0.001	0.001	0.936
0.138	0.291	0.491	0.080
0.151	0.097	0.094	0.658
0.644	0.020	0.223	0.113
0.040	0.171	0.066	0.723
0.656	0.141	0.187	0.016
0.017	0.658	0.196	0.129
>AGAGTAGAGT	15-AGAGTAGAGT	6.854882	-28.456988	0	T:183.0(8.73%),B:1740.2(4.98%),P:1e-12	Tpos:95.0,Tstd:57.1,Bpos:97.7,Bstd:101.1,StrandBias:-0.2,Multiplicity:1.26
0.785	0.075	0.045	0.095
0.074	0.054	0.800	0.072
0.781	0.112	0.034	0.073
0.057	0.055	0.818	0.070
0.087	0.078	0.041	0.794
0.728	0.078	0.064	0.130
0.036	0.062	0.834	0.068
0.809	0.044	0.057	0.090
0.058	0.063	0.834	0.045
0.067	0.044	0.065	0.824
>AWCCAAYGAG	16-AWCCAAYGAG	8.676485	-27.764563	0	T:31.0(1.48%),B:103.9(0.30%),P:1e-12	Tpos:103.8,Tstd:41.7,Bpos:106.3,Bstd:88.9,StrandBias:-0.3,Multiplicity:1.00
0.699	0.001	0.127	0.173
0.446	0.131	0.001	0.422
0.038	0.808	0.103	0.051
0.001	0.854	0.071	0.074
0.538	0.141	0.118	0.203
0.700	0.129	0.058	0.113
0.031	0.441	0.224	0.305
0.001	0.117	0.851	0.031
0.623	0.124	0.131	0.122
0.130	0.312	0.557	0.001
>GGTTTGGTCT	17-GGTTTGGTCT	6.876559	-27.563156	0	T:248.0(11.83%),B:2611.4(7.47%),P:1e-11	Tpos:101.6,Tstd:57.0,Bpos:98.5,Bstd:102.2,StrandBias:-0.2,Multiplicity:1.19
0.045	0.068	0.837	0.050
0.027	0.048	0.811	0.114
0.051	0.021	0.093	0.835
0.103	0.046	0.054	0.797
0.067	0.044	0.098	0.791
0.062	0.063	0.802	0.073
0.039	0.074	0.802	0.085
0.069	0.043	0.101	0.787
0.079	0.757	0.050	0.114
0.067	0.077	0.070	0.786
>ASAGACAGAC	18-ASAGACAGAC	5.806912	-27.472858	0	T:554.0(26.43%),B:7014.8(20.06%),P:1e-11	Tpos:102.3,Tstd:56.6,Bpos:98.7,Bstd:114.4,StrandBias:-0.1,Multiplicity:1.30
0.573	0.001	0.103	0.323
0.051	0.433	0.466	0.050
0.733	0.001	0.161	0.105
0.085	0.211	0.703	0.001
0.480	0.202	0.001	0.317
0.001	0.535	0.385	0.079
0.767	0.001	0.001	0.231
0.001	0.128	0.623	0.248
0.705	0.020	0.144	0.131
0.001	0.576	0.422	0.001
>ATTATTAGAA	19-ATTATTAGAA	9.411341	-24.970750	0	T:46.0(2.19%),B:238.0(0.68%),P:1e-10	Tpos:96.0,Tstd:65.1,Bpos:108.2,Bstd:82.3,StrandBias:0.2,Multiplicity:1.11
0.997	0.001	0.001	0.001
0.001	0.001	0.001	0.997
0.356	0.001	0.001	0.642
0.997	0.001	0.001	0.001
0.001	0.001	0.001	0.997
0.156	0.001	0.001	0.842
0.997	0.001	0.001	0.001
0.001	0.001	0.736	0.262
0.612	0.001	0.001	0.386
0.582	0.416	0.001	0.001
>AGACTAGACG	20-AGACTAGACG	6.625075	-18.951240	0	T:93.0(4.44%),B:810.1(2.32%),P:1e-8	Tpos:92.9,Tstd:58.1,Bpos:92.2,Bstd:110.8,StrandBias:0.4,Multiplicity:1.25
0.742	0.073	0.067	0.118
0.034	0.219	0.639	0.108
0.563	0.053	0.230	0.154
0.127	0.641	0.126	0.106
0.064	0.081	0.132	0.723
0.512	0.056	0.199	0.233
0.092	0.067	0.602	0.239
0.650	0.091	0.059	0.200
0.105	0.624	0.063	0.208
0.070	0.107	0.655	0.168
>AGGTCTTACC	21-AGGTCTTACC	8.427539	-18.418635	0	T:46.0(2.19%),B:293.3(0.84%),P:1e-7	Tpos:102.9,Tstd:65.5,Bpos:99.4,Bstd:97.8,StrandBias:0.1,Multiplicity:1.02
0.847	0.071	0.030	0.052
0.001	0.001	0.966	0.032
0.052	0.001	0.946	0.001
0.001	0.015	0.001	0.983
0.041	0.884	0.051	0.024
0.026	0.001	0.001	0.972
0.087	0.001	0.041	0.871
0.966	0.001	0.032	0.001
0.087	0.825	0.001	0.087
0.001	0.912	0.086	0.001
>CTCAGCATGC	22-CTCAGCATGC	10.296193	-16.005984	0	T:7.0(0.33%),B:6.3(0.02%),P:1e-6	Tpos:100.1,Tstd:65.9,Bpos:96.7,Bstd:41.1,StrandBias:0.4,Multiplicity:1.00
0.100	0.700	0.100	0.100
0.100	0.100	0.100	0.700
0.100	0.700	0.100	0.100
0.700	0.100	0.100	0.100
0.100	0.100	0.700	0.100
0.100	0.700	0.100	0.100
0.700	0.100	0.100	0.100
0.100	0.100	0.100	0.700
0.100	0.100	0.700	0.100
0.100	0.700	0.100	0.100
>ACGCAGCGCA	23-ACGCAGCGCA	9.206784	-12.199498	0	T:28.0(1.34%),B:175.5(0.50%),P:1e-5	Tpos:89.0,Tstd:58.4,Bpos:117.4,Bstd:107.1,StrandBias:1.1,Multiplicity:1.48
0.805	0.130	0.064	0.001
0.001	0.997	0.001	0.001
0.001	0.001	0.997	0.001
0.087	0.883	0.001	0.029
0.997	0.001	0.001	0.001
0.258	0.053	0.656	0.033
0.001	0.932	0.001	0.066
0.041	0.109	0.826	0.024
0.001	0.997	0.001	0.001
0.962	0.001	0.036	0.001
>TATTTATTTA	24-TATTTATTTA	10.481552	-9.666394	0	T:17.0(0.81%),B:92.6(0.26%),P:1e-4	Tpos:90.7,Tstd:64.5,Bpos:97.1,Bstd:49.5,StrandBias:0.9,Multiplicity:1.06
0.001	0.001	0.001	0.997
0.968	0.001	0.001	0.030
0.001	0.001	0.001	0.997
0.001	0.001	0.248	0.750
0.001	0.001	0.001	0.997
0.589	0.409	0.001	0.001
0.001	0.015	0.284	0.700
0.001	0.001	0.283	0.715
0.001	0.001	0.413	0.585
0.997	0.001	0.001	0.001
>ATTTTATTTT	25-ATTTTATTTT	10.296193	-1.313344	0	T:3.0(0.14%),B:30.1(0.09%),P:1e0	Tpos:48.8,Tstd:32.5,Bpos:98.6,Bstd:37.2,StrandBias:4.5,Multiplicity:7.67
0.700	0.100	0.100	0.100
0.100	0.100	0.100	0.700
0.100	0.100	0.100	0.700
0.100	0.100	0.100	0.700
0.100	0.100	0.100	0.700
0.700	0.100	0.100	0.100
0.100	0.100	0.100	0.700
0.100	0.100	0.100	0.700
0.100	0.100	0.100	0.700
0.100	0.100	0.100	0.700
>CCAATTATAAGT	1-CCAATTATAAGT	12.355432	-116.513918	0	T:23.0(1.10%),B:1.4(0.00%),P:1e-50	Tpos:104.0,Tstd:89.6,Bpos:101.8,Bstd:13.7,StrandBias:-0.1,Multiplicity:1.00
0.100	0.700	0.100	0.100
0.100	0.700	0.100	0.100
0.700	0.100	0.100	0.100
0.700	0.100	0.100	0.100
0.100	0.100	0.100	0.700
0.100	0.100	0.100	0.700
0.700	0.100	0.100	0.100
0.100	0.100	0.100	0.700
0.700	0.100	0.100	0.100
0.700	0.100	0.100	0.100
0.100	0.100	0.700	0.100
0.100	0.100	0.100	0.700
>TTACTTATCTAG	2-TTACTTATCTAG	12.830221	-111.290435	0	T:25.0(1.19%),B:2.9(0.01%),P:1e-48	Tpos:96.3,Tstd:43.4,Bpos:128.5,Bstd:31.7,StrandBias:-0.1,Multiplicity:1.00
0.001	0.001	0.001	0.997
0.001	0.001	0.001	0.997
0.975	0.001	0.023	0.001
0.001	0.997	0.001	0.001
0.001	0.001	0.001	0.997
0.001	0.001	0.001	0.997
0.997	0.001	0.001	0.001
0.001	0.001	0.001	0.997
0.001	0.997	0.001	0.001
0.001	0.001	0.001	0.997
0.997	0.001	0.001	0.001
0.001	0.001	0.997	0.001
>GAGAACAACAGT	3-GAGAACAACAGT	12.355432	-105.938745	0	T:24.0(1.15%),B:2.3(0.01%),P:1e-46	Tpos:99.4,Tstd:59.4,Bpos:108.5,Bstd:16.6,StrandBias:0.0,Multiplicity:1.00
0.100	0.100	0.700	0.100
0.700	0.100	0.100	0.100
0.100	0.100	0.700	0.100
0.700	0.100	0.100	0.100
0.700	0.100	0.100	0.100
0.100	0.700	0.100	0.100
0.700	0.100	0.100	0.100
0.700	0.100	0.100	0.100
0.100	0.700	0.100	0.100
0.700	0.100	0.100	0.100
0.100	0.100	0.700	0.100
0.100	0.100	0.100	0.700
>AACAATTCAATT	4-AACAATTCAATT	12.355432	-101.210752	0	T:25.0(1.19%),B:3.8(0.01%),P:1e-43	Tpos:98.5,Tstd:22.6,Bpos:103.0,Bstd:40.9,StrandBias:0.1,Multiplicity:1.00
0.700	0.100	0.100	0.100
0.700	0.100	0.100	0.100
0.100	0.700	0.100	0.100
0.700	0.100	0.100	0.100
0.700	0.100	0.100	0.100
0.100	0.100	0.100	0.700
0.100	0.100	0.100	0.700
0.100	0.700	0.100	0.100
0.700	0.100	0.100	0.100
0.700	0.100	0.100	0.100
0.100	0.100	0.100	0.700
0.100	0.100	0.100	0.700
>CATCCAACGACA	5-CATCCAACGACA	12.355432	-80.980129	0	T:26.0(1.24%),B:8.3(0.02%),P:1e-35	Tpos:106.5,Tstd:35.7,Bpos:107.2,Bstd:43.4,StrandBias:-0.2,Multiplicity:1.00
0.100	0.700	0.100	0.100
0.700	0.100	0.100	0.100
0.100	0.100	0.100	0.700
0.100	0.700	0.100	0.100
0.100	0.700	0.100	0.100
0.700	0.100	0.100	0.100
0.700	0.100	0.100	0.100
0.100	0.700	0.100	0.100
0.100	0.100	0.700	0.100
0.700	0.100	0.100	0.100
0.100	0.700	0.100	0.100
0.700	0.100	0.100	0.100
>CAAGDCARWABR	6-CAAGDCARWABR	8.113972	-67.065742	0	T:25.0(1.19%),B:12.7(0.04%),P:1e-29	Tpos:99.8,Tstd:56.7,Bpos:96.2,Bstd:39.6,StrandBias:0.1,Multiplicity:1.88
0.044	0.836	0.076	0.044
0.627	0.297	0.044	0.032
0.715	0.025	0.228	0.032
0.241	0.209	0.518	0.032
0.266	0.139	0.228	0.367
0.044	0.481	0.209	0.266
0.468	0.025	0.209	0.298
0.374	0.025	0.430	0.171
0.411	0.165	0.101	0.323
0.564	0.196	0.177	0.063
0.025	0.285	0.354	0.335
0.367	0.057	0.513	0.063
>SRATTAATTAAT	7-SRATTAATTAAT	15.095898	-63.325792	0	T:25.0(1.19%),B:14.1(0.04%),P:1e-27	Tpos:100.2,Tstd:9.5,Bpos:89.5,Bstd:36.7,StrandBias:0.1,Multiplicity:1.00
0.015	0.407	0.456	0.122
0.543	0.001	0.455	0.001
0.997	0.001	0.001	0.001
0.001	0.001	0.001	0.997
0.001	0.001	0.001	0.997
0.997	0.001	0.001	0.001
0.997	0.001	0.001	0.001
0.001	0.001	0.001	0.997
0.001	0.001	0.001	0.997
0.997	0.001	0.001	0.001
0.997	0.001	0.001	0.001
0.001	0.001	0.001	0.997
>CCCTACTACCGA	8-CCCTACTACCGA	11.751855	-58.859804	0	T:35.0(1.67%),B:47.4(0.14%),P:1e-25	Tpos:103.3,Tstd:65.1,Bpos:63.7,Bstd:48.4,StrandBias:-0.2,Multiplicity:1.00
0.001	0.997	0.001	0.001
0.001	0.997	0.001	0.001
0.001	0.997	0.001	0.001
0.001	0.001	0.001	0.997
0.997	0.001	0.001	0.001
0.001	0.997	0.001	0.001
0.001	0.030	0.001	0.968
0.997	0.001	0.001	0.001
0.001	0.997	0.001	0.001
0.001	0.997	0.001	0.001
0.260	0.001	0.738	0.001
0.997	0.001	0.001	0.001
>CCCTTCKAASRT	9-CCCTTCKAASRT	11.701745	-51.348650	0	T:33.0(1.57%),B:51.5(0.15%),P:1e-22	Tpos:106.3,Tstd:53.7,Bpos:51.0,Bstd:40.6,StrandBias:-0.3,Multiplicity:1.00
0.001	0.997	0.001	0.001
0.001	0.812	0.001	0.186
0.245	0.501	0.243	0.011
0.001	0.001	0.001	0.997
0.001	0.001	0.001	0.997
0.001	0.997	0.001	0.001
0.001	0.001	0.516	0.482
0.746	0.001	0.243	0.010
0.959	0.001	0.039	0.001
0.040	0.487	0.472	0.001
0.429	0.243	0.326	0.001
0.030	0.001	0.001	0.968
>AGKCCAGTCCAA	10-AGKCCAGTCCAA	9.892724	-50.227929	0	T:46.0(2.19%),B:118.9(0.34%),P:1e-21	Tpos:95.0,Tstd:69.1,Bpos:91.3,Bstd:90.8,StrandBias:0.6,Multiplicity:1.07
0.856	0.001	0.001	0.142
0.331	0.062	0.525	0.082
0.080	0.188	0.322	0.411
0.001	0.878	0.030	0.091
0.001	0.939	0.059	0.001
0.712	0.059	0.001	0.228
0.267	0.216	0.438	0.079
0.141	0.001	0.001	0.857
0.001	0.868	0.083	0.048
0.078	0.630	0.001	0.291
0.880	0.118	0.001	0.001
0.581	0.119	0.181	0.119
>TATTAHTAHTAA	11-TATTAHTAHTAA	10.277119	-47.091149	0	T:38.0(1.81%),B:84.0(0.24%),P:1e-20	Tpos:93.7,Tstd:57.6,Bpos:100.5,Bstd:90.5,StrandBias:0.0,Multiplicity:1.05
0.068	0.001	0.027	0.904
0.660	0.001	0.173	0.166
0.344	0.069	0.082	0.505
0.080	0.014	0.014	0.892
0.530	0.001	0.137	0.332
0.261	0.346	0.023	0.370
0.171	0.110	0.001	0.718
0.851	0.014	0.042	0.093
0.309	0.296	0.083	0.313
0.180	0.091	0.001	0.728
0.765	0.014	0.069	0.152
0.557	0.083	0.041	0.319
>TAGAGTAGAGTA	12-TAGAGTAGAGTA	7.046681	-28.739897	0	T:151.0(7.20%),B:1337.0(3.82%),P:1e-12	Tpos:100.4,Tstd:60.4,Bpos:95.0,Bstd:94.7,StrandBias:-0.4,Multiplicity:1.06
0.068	0.114	0.079	0.739
0.713	0.071	0.120	0.096
0.060	0.084	0.776	0.080
0.767	0.076	0.063	0.094
0.081	0.065	0.800	0.054
0.115	0.101	0.078	0.706
0.759	0.052	0.091	0.098
0.086	0.078	0.775	0.061
0.764	0.064	0.079	0.093
0.090	0.084	0.778	0.048
0.095	0.124	0.111	0.670
0.751	0.060	0.064	0.125
>CCAVSYCAAGCC	13-CCAVSYCAAGCC	6.320599	-28.348554	0	T:520.0(24.81%),B:6469.9(18.50%),P:1e-12	Tpos:101.7,Tstd:55.3,Bpos:100.2,Bstd:111.3,StrandBias:-0.0,Multiplicity:1.20
0.117	0.500	0.061	0.322
0.289	0.680	0.030	0.001
0.799	0.001	0.001	0.199
0.264	0.218	0.362	0.156
0.001	0.333	0.410	0.255
0.191	0.435	0.007	0.367
0.170	0.772	0.057	0.001
0.835	0.048	0.034	0.083
0.919	0.001	0.001	0.079
0.217	0.159	0.563	0.061
0.086	0.626	0.242	0.046
0.093	0.645	0.092	0.170
>CAATGAGGATAA	14-CAATGAGGATAA	11.000505	-24.207639	0	T:18.0(0.86%),B:37.7(0.11%),P:1e-10	Tpos:110.8,Tstd:55.6,Bpos:116.6,Bstd:55.7,StrandBias:0.0,Multiplicity:1.00
0.001	0.979	0.019	0.001
0.727	0.136	0.136	0.001
0.997	0.001	0.001	0.001
0.001	0.272	0.272	0.455
0.272	0.001	0.707	0.020
0.727	0.136	0.136	0.001
0.001	0.020	0.959	0.020
0.001	0.001	0.863	0.135
0.997	0.001	0.001	0.001
0.135	0.001	0.001	0.863
0.997	0.001	0.001	0.001
0.727	0.001	0.001	0.271
>WGCTWRGCHTAG	15-WGCTWRGCHTAG	4.682165	-23.939578	0	T:926.0(44.18%),B:13014.1(37.22%),P:1e-10	Tpos:100.4,Tstd:56.4,Bpos:99.6,Bstd:119.7,StrandBias:0.0,Multiplicity:1.40
0.406	0.087	0.163	0.345
0.001	0.154	0.792	0.053
0.001	0.807	0.149	0.043
0.128	0.254	0.021	0.597
0.335	0.091	0.111	0.462
0.455	0.001	0.408	0.137
0.001	0.001	0.997	0.001
0.001	0.779	0.025	0.195
0.309	0.272	0.021	0.399
0.209	0.171	0.143	0.477
0.504	0.064	0.145	0.287
0.021	0.127	0.831	0.021
>CTGTGTGTGTST	16-CTGTGTGTGTST	7.084896	-22.387231	0	T:272.0(12.98%),B:3089.3(8.84%),P:1e-9	Tpos:99.2,Tstd:55.7,Bpos:100.2,Bstd:107.8,StrandBias:0.0,Multiplicity:1.17
0.085	0.593	0.321	0.001
0.001	0.001	0.131	0.867
0.118	0.244	0.637	0.001
0.001	0.212	0.001	0.786
0.106	0.236	0.476	0.182
0.001	0.001	0.044	0.954
0.165	0.073	0.498	0.263
0.090	0.129	0.047	0.734
0.046	0.339	0.491	0.124
0.135	0.196	0.001	0.668
0.001	0.549	0.449	0.001
0.001	0.136	0.046	0.817
>NNCAGTCCAAYN	17-NNCAGTCCAAYN	4.716873	-20.237713	0	T:671.0(32.01%),B:9156.2(26.19%),P:1e-8	Tpos:101.1,Tstd:56.6,Bpos:100.6,Bstd:123.3,StrandBias:0.0,Multiplicity:1.31
0.222	0.269	0.245	0.264
0.211	0.351	0.220	0.218
0.036	0.683	0.172	0.109
0.499	0.229	0.181	0.091
0.032	0.109	0.815	0.044
0.131	0.167	0.251	0.451
0.073	0.758	0.108	0.061
0.059	0.642	0.185	0.114
0.449	0.176	0.189	0.186
0.456	0.200	0.218	0.126
0.179	0.367	0.181	0.273
0.267	0.214	0.271	0.248
>CACACACACACA	18-CACACACACACA	2.414316	-16.250769	0	T:957.0(45.66%),B:13989.0(40.01%),P:1e-7	Tpos:101.4,Tstd:56.3,Bpos:99.3,Bstd:107.5,StrandBias:0.0,Multiplicity:1.36
0.001	0.869	0.043	0.087
0.784	0.130	0.043	0.043
0.001	0.956	0.001	0.042
0.696	0.174	0.043	0.087
0.130	0.826	0.043	0.001
0.740	0.087	0.130	0.043
0.087	0.783	0.087	0.043
0.913	0.043	0.001	0.043
0.001	0.869	0.043	0.087
0.739	0.001	0.043	0.217
0.001	0.956	0.001	0.042
0.869	0.001	0.001	0.129
>CGCACTCATGTC	19-CGCACTCATGTC	10.409522	-14.050370	0	T:9.0(0.43%),B:16.7(0.05%),P:1e-6	Tpos:99.9,Tstd:54.0,Bpos:94.8,Bstd:86.2,StrandBias:0.0,Multiplicity:1.00
0.100	0.700	0.100	0.100
0.100	0.100	0.700	0.100
0.100	0.700	0.100	0.100
0.700	0.100	0.100	0.100
0.100	0.700	0.100	0.100
0.100	0.100	0.100	0.700
0.100	0.700	0.100	0.100
0.700	0.100	0.100	0.100
0.100	0.100	0.100	0.700
0.100	0.100	0.700	0.100
0.100	0.100	0.100	0.700
0.100	0.700	0.100	0.100
>VCARVACCARAC	20-VCARVACCARAC	7.960982	-10.842468	0	T:37.0(1.77%),B:286.4(0.82%),P:1e-4	Tpos:105.1,Tstd:63.3,Bpos:101.8,Bstd:118.4,StrandBias:0.7,Multiplicity:1.07
0.255	0.342	0.260	0.144
0.026	0.623	0.332	0.019
0.469	0.141	0.098	0.292
0.346	0.182	0.454	0.018
0.338	0.319	0.199	0.144
0.518	0.233	0.009	0.240
0.009	0.533	0.282	0.176
0.019	0.829	0.146	0.006
0.805	0.178	0.009	0.008
0.441	0.013	0.529	0.017
0.614	0.240	0.020	0.126
0.026	0.487	0.267	0.219
>CTGGCCCTGGCC	21-CTGGCCCTGGCC	9.818885	-7.385305	0	T:86.0(4.10%),B:993.8(2.84%),P:1e-3	Tpos:123.1,Tstd:53.8,Bpos:110.4,Bstd:151.4,StrandBias:-0.4,Multiplicity:1.33
0.234	0.762	0.001	0.003
0.001	0.001	0.001	0.997
0.001	0.073	0.921	0.005
0.195	0.074	0.730	0.001
0.001	0.657	0.001	0.341
0.157	0.480	0.175	0.188
0.001	0.741	0.001	0.257
0.004	0.001	0.001	0.994
0.008	0.001	0.941	0.050
0.305	0.191	0.479	0.025
0.001	0.608	0.075	0.316
0.103	0.809	0.001	0.087
>TTTTAATTTATT	22-TTTTAATTTATT	13.020173	-6.255757	0	T:3.0(0.14%),B:4.6(0.01%),P:1e-2	Tpos:116.7,Tstd:67.7,Bpos:117.8,Bstd:24.3,StrandBias:10.0,Multiplicity:1.00
0.001	0.001	0.036	0.962
0.283	0.037	0.037	0.643
0.001	0.148	0.037	0.814
0.259	0.009	0.001	0.731
0.532	0.074	0.111	0.283
0.736	0.001	0.001	0.262
0.074	0.112	0.037	0.777
0.111	0.001	0.001	0.887
0.111	0.001	0.111	0.777
0.766	0.038	0.121	0.075
0.037	0.001	0.037	0.925
0.037	0.037	0.001	0.925
>AGCTTGAGCTTG	23-AGCTTGAGCTTG	8.819694	-6.219503	0	T:64.0(3.05%),B:727.8(2.08%),P:1e-2	Tpos:88.5,Tstd:55.1,Bpos:100.1,Bstd:121.8,StrandBias:-0.1,Multiplicity:1.20
0.872	0.060	0.001	0.067
0.134	0.190	0.657	0.019
0.133	0.609	0.067	0.191
0.192	0.067	0.001	0.740
0.152	0.044	0.175	0.629
0.154	0.180	0.665	0.001
0.875	0.016	0.001	0.108
0.069	0.103	0.686	0.142
0.001	0.861	0.012	0.126
0.064	0.103	0.060	0.773
0.069	0.086	0.001	0.844
0.001	0.245	0.558	0.196
>TTTATTTTATTT	24-TTTATTTTATTT	13.480492	-4.100905	0	T:4.0(0.19%),B:16.5(0.05%),P:1e-1	Tpos:54.1,Tstd:42.4,Bpos:90.7,Bstd:24.4,StrandBias:3.4,Multiplicity:2.25
0.001	0.001	0.001	0.997
0.001	0.001	0.001	0.997
0.040	0.052	0.001	0.907
0.997	0.001	0.001	0.001
0.001	0.001	0.001	0.997
0.001	0.051	0.001	0.947
0.001	0.001	0.001	0.997
0.051	0.001	0.001	0.947
0.997	0.001	0.001	0.001
0.001	0.001	0.001	0.997
0.001	0.001	0.001	0.997
0.001	0.001	0.001	0.997
>ATTAATTAATTA	25-ATTAATTAATTA	13.362676	-3.392332	0	T:4.0(0.19%),B:20.3(0.06%),P:1e-1	Tpos:139.1,Tstd:72.5,Bpos:86.9,Bstd:53.2,StrandBias:-0.3,Multiplicity:1.00
0.997	0.001	0.001	0.001
0.001	0.001	0.001	0.997
0.001	0.001	0.001	0.997
0.689	0.001	0.001	0.309
0.997	0.001	0.001	0.001
0.001	0.001	0.001	0.997
0.001	0.001	0.001	0.997
0.633	0.001	0.001	0.365
0.997	0.001	0.001	0.001
0.001	0.001	0.001	0.997
0.055	0.001	0.001	0.943
0.633	0.001	0.001	0.365
>CTAGKCWG	1-CTAGKCWG	4.795973	-36.190615	0	T:1093.0(52.15%),B:15127.6(43.26%),P:1e-15	Tpos:101.9,Tstd:59.0,Bpos:100.3,Bstd:117.7,StrandBias:-0.1,Multiplicity:1.74
0.001	0.940	0.051	0.008
0.214	0.094	0.001	0.691
0.566	0.021	0.411	0.002
0.111	0.001	0.741	0.147
0.203	0.187	0.233	0.377
0.066	0.803	0.022	0.109
0.404	0.025	0.023	0.548
0.370	0.099	0.530	0.001
>GTGAATCC	2-GTGAATCC	8.236954	-31.605841	0	T:39.0(1.86%),B:142.5(0.41%),P:1e-13	Tpos:105.5,Tstd:40.6,Bpos:88.3,Bstd:86.8,StrandBias:-0.4,Multiplicity:1.00
0.100	0.100	0.700	0.100
0.100	0.100	0.100	0.700
0.100	0.100	0.700	0.100
0.700	0.100	0.100	0.100
0.700	0.100	0.100	0.100
0.100	0.100	0.100	0.700
0.100	0.700	0.100	0.100
0.100	0.700	0.100	0.100
>GCTTAGSS	3-GCTTAGSS	5.167759	-30.154280	0	T:650.0(31.01%),B:8360.4(23.91%),P:1e-13	Tpos:101.3,Tstd:56.6,Bpos:100.5,Bstd:113.7,StrandBias:0.1,Multiplicity:1.36
0.054	0.318	0.627	0.001
0.001	0.770	0.228	0.001
0.001	0.001	0.001	0.997
0.372	0.096	0.001	0.531
0.743	0.001	0.101	0.155
0.070	0.104	0.577	0.249
0.001	0.493	0.505	0.001
0.042	0.415	0.303	0.239
>TGGCATCC	4-TGGCATCC	8.236954	-29.395609	0	T:48.0(2.29%),B:224.6(0.64%),P:1e-12	Tpos:98.1,Tstd:43.7,Bpos:99.6,Bstd:96.4,StrandBias:-0.1,Multiplicity:1.00
0.100	0.100	0.100	0.700
0.100	0.100	0.700	0.100
0.100	0.100	0.700	0.100
0.100	0.700	0.100	0.100
0.700	0.100	0.100	0.100
0.100	0.100	0.100	0.700
0.100	0.700	0.100	0.100
0.100	0.700	0.100	0.100
>CAAACCCT	5-CAAACCCT	6.688376	-28.789684	0	T:345.0(16.46%),B:3912.3(11.19%),P:1e-12	Tpos:95.5,Tstd:57.4,Bpos:102.7,Bstd:98.8,StrandBias:0.2,Multiplicity:1.10
0.001	0.885	0.001	0.113
0.906	0.040	0.053	0.001
0.969	0.029	0.001	0.001
0.913	0.055	0.001	0.031
0.001	0.954	0.044	0.001
0.030	0.838	0.042	0.090
0.001	0.890	0.061	0.048
0.208	0.076	0.001	0.715
>CCCTACTA	6-CCCTACTA	10.765511	-28.685953	0	T:36.0(1.72%),B:134.4(0.38%),P:1e-12	Tpos:111.6,Tstd:65.7,Bpos:84.4,Bstd:74.1,StrandBias:-0.5,Multiplicity:1.08
0.001	0.997	0.001	0.001
0.001	0.997	0.001	0.001
0.001	0.997	0.001	0.001
0.001	0.001	0.001	0.997
0.738	0.001	0.001	0.260
0.001	0.997	0.001	0.001
0.001	0.001	0.001	0.997
0.997	0.001	0.001	0.001
>ATACTGAG	7-ATACTGAG	9.360064	-28.224009	0	T:60.0(2.86%),B:339.9(0.97%),P:1e-12	Tpos:101.9,Tstd:64.0,Bpos:98.4,Bstd:91.4,StrandBias:0.2,Multiplicity:1.02
0.997	0.001	0.001	0.001
0.001	0.001	0.001	0.997
0.817	0.001	0.181	0.001
0.001	0.997	0.001	0.001
0.001	0.001	0.001	0.997
0.001	0.001	0.997	0.001
0.997	0.001	0.001	0.001
0.001	0.001	0.997	0.001
>TWATTAWT	8-TWATTAWT	8.675745	-27.045473	0	T:31.0(1.48%),B:106.6(0.30%),P:1e-11	Tpos:115.9,Tstd:37.7,Bpos:98.2,Bstd:83.4,StrandBias:-0.1,Multiplicity:1.23
0.126	0.001	0.001	0.872
0.533	0.073	0.001	0.393
0.946	0.001	0.001	0.052
0.001	0.076	0.142	0.781
0.150	0.001	0.001	0.848
0.815	0.001	0.076	0.108
0.392	0.070	0.150	0.388
0.037	0.001	0.001	0.961
>TCTAAGGT	9-TCTAAGGT	8.236954	-27.045473	0	T:31.0(1.48%),B:106.7(0.31%),P:1e-11	Tpos:101.0,Tstd:57.3,Bpos:78.8,Bstd:84.6,StrandBias:-0.4,Multiplicity:1.00
0.100	0.100	0.100	0.700
0.100	0.700	0.100	0.100
0.100	0.100	0.100	0.700
0.700	0.100	0.100	0.100
0.700	0.100	0.100	0.100
0.100	0.100	0.700	0.100
0.100	0.100	0.700	0.100
0.100	0.100	0.100	0.700
>CTACTAAC	10-CTACTAAC	8.236954	-26.271733	0	T:34.0(1.62%),B:131.9(0.38%),P:1e-11	Tpos:115.7,Tstd:48.0,Bpos:83.6,Bstd:91.3,StrandBias:0.0,Multiplicity:1.00
0.100	0.700	0.100	0.100
0.100	0.100	0.100	0.700
0.700	0.100	0.100	0.100
0.100	0.700	0.100	0.100
0.100	0.100	0.100	0.700
0.700	0.100	0.100	0.100
0.700	0.100	0.100	0.100
0.100	0.700	0.100	0.100
>TGCTCTGC	11-TGCTCTGC	5.729884	-25.318250	0	T:545.0(26.00%),B:6969.1(19.93%),P:1e-10	Tpos:97.6,Tstd:58.2,Bpos:101.4,Bstd:109.5,StrandBias:-0.1,Multiplicity:1.21
0.001	0.034	0.106	0.859
0.201	0.001	0.728	0.070
0.001	0.516	0.237	0.246
0.001	0.004	0.416	0.579
0.072	0.478	0.169	0.280
0.062	0.044	0.010	0.884
0.001	0.097	0.901	0.001
0.086	0.854	0.009	0.051
>ATCCAGTC	12-ATCCAGTC	8.862047	-23.527036	0	T:59.0(2.81%),B:372.3(1.06%),P:1e-10	Tpos:101.5,Tstd:75.5,Bpos:98.9,Bstd:89.1,StrandBias:0.2,Multiplicity:1.02
0.997	0.001	0.001	0.001
0.001	0.001	0.001	0.997
0.001	0.888	0.001	0.110
0.001	0.997	0.001	0.001
0.997	0.001	0.001	0.001
0.001	0.001	0.997	0.001
0.001	0.001	0.001	0.997
0.001	0.997	0.001	0.001
>CTTATCTA	13-CTTATCTA	8.236954	-23.329686	0	T:32.0(1.53%),B:131.2(0.38%),P:1e-10	Tpos:101.3,Tstd:52.0,Bpos:95.2,Bstd:81.9,StrandBias:-0.2,Multiplicity:1.00
0.100	0.700	0.100	0.100
0.100	0.100	0.100	0.700
0.100	0.100	0.100	0.700
0.700	0.100	0.100	0.100
0.100	0.100	0.100	0.700
0.100	0.700	0.100	0.100
0.100	0.100	0.100	0.700
0.700	0.100	0.100	0.100
>ASWCWSAC	14-ASWCWSAC	6.000925	-22.817425	0	T:608.0(29.01%),B:8045.7(23.01%),P:1e-9	Tpos:98.0,Tstd:58.5,Bpos:97.0,Bstd:112.3,StrandBias:-0.0,Multiplicity:1.36
0.945	0.001	0.001	0.053
0.001	0.480	0.518	0.001
0.509	0.001	0.001	0.489
0.001	0.997	0.001	0.001
0.516	0.001	0.001	0.482
0.001	0.473	0.525	0.001
0.578	0.001	0.001	0.420
0.001	0.652	0.218	0.129
>GTGTATAC	15-GTGTATAC	5.070244	-22.749574	0	T:504.0(24.05%),B:6462.9(18.48%),P:1e-9	Tpos:100.3,Tstd:60.7,Bpos:99.7,Bstd:105.2,StrandBias:0.0,Multiplicity:1.17
0.072	0.069	0.755	0.104
0.099	0.089	0.082	0.730
0.032	0.049	0.829	0.090
0.092	0.125	0.057	0.726
0.691	0.052	0.125	0.132
0.103	0.128	0.031	0.738
0.737	0.083	0.130	0.050
0.026	0.802	0.123	0.049
>TCAATTAC	16-TCAATTAC	8.236954	-21.888322	0	T:32.0(1.53%),B:139.2(0.40%),P:1e-9	Tpos:92.4,Tstd:26.0,Bpos:113.9,Bstd:69.9,StrandBias:-0.3,Multiplicity:1.00
0.100	0.100	0.100	0.700
0.100	0.700	0.100	0.100
0.700	0.100	0.100	0.100
0.700	0.100	0.100	0.100
0.100	0.100	0.100	0.700
0.100	0.100	0.100	0.700
0.700	0.100	0.100	0.100
0.100	0.700	0.100	0.100
>AACGACAT	17-AACGACAT	8.236954	-19.027233	0	T:46.0(2.19%),B:287.3(0.82%),P:1e-8	Tpos:97.7,Tstd:42.8,Bpos:99.6,Bstd:100.8,StrandBias:-0.4,Multiplicity:1.00
0.700	0.100	0.100	0.100
0.700	0.100	0.100	0.100
0.100	0.700	0.100	0.100
0.100	0.100	0.700	0.100
0.700	0.100	0.100	0.100
0.100	0.700	0.100	0.100
0.700	0.100	0.100	0.100
0.100	0.100	0.100	0.700
>ACAACAGT	18-ACAACAGT	8.236954	-18.729200	0	T:45.0(2.15%),B:280.6(0.80%),P:1e-8	Tpos:108.1,Tstd:59.1,Bpos:95.9,Bstd:84.3,StrandBias:-0.2,Multiplicity:1.00
0.700	0.100	0.100	0.100
0.100	0.700	0.100	0.100
0.700	0.100	0.100	0.100
0.700	0.100	0.100	0.100
0.100	0.700	0.100	0.100
0.700	0.100	0.100	0.100
0.100	0.100	0.700	0.100
0.100	0.100	0.100	0.700
>AATAATAA	19-AATAATAA	9.751686	-17.774163	0	T:57.0(2.72%),B:415.0(1.19%),P:1e-7	Tpos:97.9,Tstd:64.6,Bpos:106.1,Bstd:86.6,StrandBias:-0.1,Multiplicity:1.09
0.997	0.001	0.001	0.001
0.787	0.211	0.001	0.001
0.001	0.001	0.001	0.997
0.642	0.001	0.001	0.356
0.950	0.048	0.001	0.001
0.001	0.001	0.001	0.997
0.997	0.001	0.001	0.001
0.997	0.001	0.001	0.001
>CCTAGGAG	20-CCTAGGAG	8.006202	-17.140970	0	T:97.0(4.63%),B:892.1(2.55%),P:1e-7	Tpos:106.1,Tstd:58.8,Bpos:97.8,Bstd:128.0,StrandBias:0.2,Multiplicity:1.10
0.001	0.711	0.287	0.001
0.001	0.997	0.001	0.001
0.130	0.001	0.001	0.868
0.997	0.001	0.001	0.001
0.001	0.001	0.997	0.001
0.001	0.001	0.997	0.001
0.680	0.318	0.001	0.001
0.261	0.001	0.737	0.001
>TGAGTTGA	21-TGAGTTGA	6.813751	-12.929644	0	T:89.0(4.25%),B:880.3(2.52%),P:1e-5	Tpos:94.7,Tstd:53.6,Bpos:97.9,Bstd:104.0,StrandBias:-0.3,Multiplicity:1.14
0.250	0.001	0.001	0.748
0.001	0.001	0.938	0.060
0.997	0.001	0.001	0.001
0.001	0.001	0.997	0.001
0.001	0.001	0.001	0.997
0.001	0.001	0.001	0.997
0.058	0.001	0.940	0.001
0.997	0.001	0.001	0.001
>ARTAMTTA	22-ARTAMTTA	6.899083	-12.203928	0	T:41.0(1.96%),B:312.3(0.89%),P:1e-5	Tpos:96.7,Tstd:50.0,Bpos:98.1,Bstd:97.7,StrandBias:0.2,Multiplicity:1.00
0.702	0.030	0.090	0.178
0.379	0.116	0.332	0.173
0.001	0.081	0.061	0.857
0.855	0.062	0.047	0.036
0.436	0.330	0.081	0.153
0.133	0.086	0.250	0.531
0.197	0.164	0.082	0.557
0.795	0.086	0.001	0.118
>AACAGCTT	23-AACAGCTT	8.236954	-11.409012	0	T:41.0(1.96%),B:323.5(0.93%),P:1e-4	Tpos:105.6,Tstd:33.5,Bpos:99.1,Bstd:94.4,StrandBias:0.2,Multiplicity:1.00
0.700	0.100	0.100	0.100
0.700	0.100	0.100	0.100
0.100	0.700	0.100	0.100
0.700	0.100	0.100	0.100
0.100	0.100	0.700	0.100
0.100	0.700	0.100	0.100
0.100	0.100	0.100	0.700
0.100	0.100	0.100	0.700
>ACRTAAAA	24-ACRTAAAA	7.648018	-9.496570	0	T:73.0(3.48%),B:755.5(2.16%),P:1e-4	Tpos:91.6,Tstd:47.5,Bpos:104.0,Bstd:73.5,StrandBias:0.6,Multiplicity:1.01
0.997	0.001	0.001	0.001
0.093	0.890	0.016	0.001
0.338	0.210	0.452	0.001
0.001	0.062	0.001	0.936
0.997	0.001	0.001	0.001
0.997	0.001	0.001	0.001
0.752	0.246	0.001	0.001
0.884	0.001	0.001	0.114
>ACATAAAT	25-ACATAAAT	10.471558	-1.573925	0	T:8.0(0.38%),B:94.7(0.27%),P:1e0	Tpos:98.4,Tstd:61.4,Bpos:101.2,Bstd:51.9,StrandBias:0.0,Multiplicity:1.00
0.997	0.001	0.001	0.001
0.388	0.610	0.001	0.001
0.997	0.001	0.001	0.001
0.001	0.001	0.001	0.997
0.997	0.001	0.001	0.001
0.997	0.001	0.001	0.001
0.997	0.001	0.001	0.001
0.099	0.001	0.001	0.899
