>TCTAGTGAAT	1-TCTAGTGAAT	10.296193	-79.799547	0	T:24.0(1.15%),B:6.9(0.02%),P:1e-34	Tpos:99.4,Tstd:35.5,Bpos:79.1,Bstd:54.8,StrandBias:0.0,Multiplicity:1.00
0.100	0.100	0.100	0.700
0.100	0.700	0.100	0.100
0.100	0.100	0.100	0.700
0.700	0.100	0.100	0.100
0.100	0.100	0.700	0.100
0.100	0.100	0.100	0.700
0.100	0.100	0.700	0.100
0.700	0.100	0.100	0.100
0.700	0.100	0.100	0.100
0.100	0.100	0.100	0.700
>AATTCAATTA	2-AATTCAATTA	10.296193	-63.325792	0	T:25.0(1.19%),B:14.4(0.04%),P:1e-27	Tpos:100.4,Tstd:20.8,Bpos:110.6,Bstd:32.0,StrandBias:0.1,Multiplicity:1.00
0.700	0.100	0.100	0.100
0.700	0.100	0.100	0.100
0.100	0.100	0.100	0.700
0.100	0.100	0.100	0.700
0.100	0.700	0.100	0.100
0.700	0.100	0.100	0.100
0.700	0.100	0.100	0.100
0.100	0.100	0.100	0.700
0.100	0.100	0.100	0.700
0.700	0.100	0.100	0.100
>GTCAAAATGG	3-GTCAAAATGG	10.296193	-61.930253	0	T:23.0(1.10%),B:11.8(0.03%),P:1e-26	Tpos:100.1,Tstd:16.0,Bpos:104.4,Bstd:36.0,StrandBias:0.1,Multiplicity:1.00
0.100	0.100	0.700	0.100
0.100	0.100	0.100	0.700
0.100	0.700	0.100	0.100
0.700	0.100	0.100	0.100
0.700	0.100	0.100	0.100
0.700	0.100	0.100	0.100
0.700	0.100	0.100	0.100
0.100	0.100	0.100	0.700
0.100	0.100	0.700	0.100
0.100	0.100	0.700	0.100
>AGBCYWRKCC	4-AGBCYWRKCC	5.302302	-56.940638	0	T:794.0(37.88%),B:9590.3(27.43%),P:1e-24	Tpos:99.5,Tstd:57.4,Bpos:102.4,Bstd:124.8,StrandBias:-0.1,Multiplicity:1.61
0.537	0.001	0.118	0.344
0.307	0.153	0.539	0.001
0.001	0.289	0.414	0.296
0.001	0.771	0.001	0.227
0.210	0.405	0.006	0.379
0.393	0.001	0.157	0.449
0.443	0.001	0.555	0.001
0.145	0.001	0.498	0.356
0.196	0.489	0.313	0.001
0.171	0.517	0.001	0.311
>TCCAACAGCT	5-TCCAACAGCT	10.296193	-54.377193	0	T:26.0(1.24%),B:23.9(0.07%),P:1e-23	Tpos:102.2,Tstd:17.3,Bpos:89.2,Bstd:66.9,StrandBias:0.2,Multiplicity:1.00
0.100	0.100	0.100	0.700
0.100	0.700	0.100	0.100
0.100	0.700	0.100	0.100
0.700	0.100	0.100	0.100
0.700	0.100	0.100	0.100
0.100	0.700	0.100	0.100
0.700	0.100	0.100	0.100
0.100	0.100	0.700	0.100
0.100	0.700	0.100	0.100
0.100	0.100	0.100	0.700
>TTCTTCTGAC	6-TTCTTCTGAC	12.512695	-53.596106	0	T:23.0(1.10%),B:16.6(0.05%),P:1e-23	Tpos:103.4,Tstd:76.6,Bpos:141.7,Bstd:35.5,StrandBias:0.1,Multiplicity:1.00
0.076	0.038	0.076	0.810
0.105	0.038	0.038	0.819
0.001	0.894	0.076	0.029
0.037	0.001	0.001	0.961
0.307	0.001	0.001	0.691
0.001	0.997	0.001	0.001
0.001	0.001	0.001	0.997
0.270	0.038	0.691	0.001
0.961	0.001	0.001	0.037
0.001	0.997	0.001	0.001
>GGAGAACAAC	7-GGAGAACAAC	10.296193	-50.585802	0	T:24.0(1.15%),B:21.3(0.06%),P:1e-21	Tpos:99.4,Tstd:61.4,Bpos:64.6,Bstd:47.1,StrandBias:0.0,Multiplicity:1.00
0.100	0.100	0.700	0.100
0.100	0.100	0.700	0.100
0.700	0.100	0.100	0.100
0.100	0.100	0.700	0.100
0.700	0.100	0.100	0.100
0.700	0.100	0.100	0.100
0.100	0.700	0.100	0.100
0.700	0.100	0.100	0.100
0.700	0.100	0.100	0.100
0.100	0.700	0.100	0.100
>AATTAATTVA	8-AATTAATTVA	11.196744	-48.587405	0	T:28.0(1.34%),B:36.5(0.10%),P:1e-21	Tpos:127.2,Tstd:44.8,Bpos:109.7,Bstd:89.5,StrandBias:-0.1,Multiplicity:1.00
0.955	0.001	0.016	0.028
0.971	0.014	0.001	0.014
0.059	0.001	0.014	0.926
0.210	0.001	0.001	0.788
0.997	0.001	0.001	0.001
0.991	0.001	0.001	0.007
0.196	0.008	0.028	0.768
0.074	0.299	0.001	0.626
0.339	0.299	0.360	0.001
0.638	0.001	0.360	0.001
>ATACTGAGGA	9-ATACTGAGGA	11.055281	-45.341114	0	T:30.0(1.43%),B:49.3(0.14%),P:1e-19	Tpos:98.5,Tstd:73.8,Bpos:80.8,Bstd:74.1,StrandBias:0.2,Multiplicity:1.00
0.997	0.001	0.001	0.001
0.001	0.001	0.001	0.997
0.997	0.001	0.001	0.001
0.001	0.936	0.062	0.001
0.001	0.001	0.001	0.997
0.001	0.001	0.997	0.001
0.997	0.001	0.001	0.001
0.001	0.001	0.997	0.001
0.001	0.001	0.997	0.001
0.997	0.001	0.001	0.001
>CTTCTAAGGT	10-CTTCTAAGGT	10.665816	-43.424633	0	T:28.0(1.34%),B:44.2(0.13%),P:1e-18	Tpos:105.9,Tstd:55.1,Bpos:52.3,Bstd:45.7,StrandBias:-0.2,Multiplicity:1.00
0.001	0.956	0.001	0.042
0.001	0.001	0.001	0.997
0.001	0.001	0.001	0.997
0.001	0.997	0.001	0.001
0.001	0.001	0.001	0.997
0.997	0.001	0.001	0.001
0.997	0.001	0.001	0.001
0.001	0.001	0.997	0.001
0.001	0.001	0.997	0.001
0.001	0.001	0.001	0.997
>TAAATACTTC	11-TAAATACTTC	11.383734	-42.293955	0	T:28.0(1.34%),B:46.7(0.13%),P:1e-18	Tpos:98.5,Tstd:46.9,Bpos:90.1,Bstd:71.6,StrandBias:-0.2,Multiplicity:1.00
0.001	0.001	0.001	0.997
0.997	0.001	0.001	0.001
0.968	0.030	0.001	0.001
0.607	0.001	0.001	0.391
0.001	0.001	0.001	0.997
0.997	0.001	0.001	0.001
0.391	0.607	0.001	0.001
0.001	0.001	0.001	0.997
0.001	0.040	0.001	0.958
0.249	0.618	0.031	0.102
>AGCACAGCAC	12-AGCACAGCAC	5.748242	-36.381208	0	T:466.0(22.23%),B:5395.2(15.43%),P:1e-15	Tpos:101.2,Tstd:59.5,Bpos:98.7,Bstd:108.4,StrandBias:0.1,Multiplicity:1.22
0.729	0.121	0.133	0.017
0.156	0.012	0.761	0.071
0.114	0.624	0.095	0.167
0.594	0.105	0.164	0.137
0.091	0.585	0.168	0.156
0.919	0.001	0.070	0.010
0.177	0.100	0.568	0.155
0.129	0.635	0.101	0.135
0.795	0.141	0.001	0.063
0.089	0.789	0.003	0.119
>CCCTMCTAAC	13-CCCTMCTAAC	8.036008	-34.767718	0	T:41.0(1.96%),B:142.9(0.41%),P:1e-15	Tpos:104.1,Tstd:54.9,Bpos:88.5,Bstd:88.0,StrandBias:-0.2,Multiplicity:1.63
0.030	0.584	0.001	0.385
0.083	0.544	0.079	0.294
0.096	0.450	0.263	0.191
0.097	0.144	0.001	0.758
0.442	0.417	0.001	0.139
0.142	0.785	0.072	0.001
0.001	0.035	0.065	0.899
0.584	0.002	0.223	0.191
0.800	0.198	0.001	0.001
0.001	0.754	0.244	0.001
>AGGTGTATAC	14-AGGTGTATAC	5.922164	-30.020489	0	T:384.0(18.32%),B:4425.4(12.66%),P:1e-13	Tpos:103.9,Tstd:58.6,Bpos:99.4,Bstd:104.2,StrandBias:-0.1,Multiplicity:1.16
0.571	0.016	0.128	0.285
0.196	0.096	0.707	0.001
0.128	0.001	0.856	0.015
0.062	0.001	0.001	0.936
0.138	0.291	0.491	0.080
0.151	0.097	0.094	0.658
0.644	0.020	0.223	0.113
0.040	0.171	0.066	0.723
0.656	0.141	0.187	0.016
0.017	0.658	0.196	0.129
>AGAGTAGAGT	15-AGAGTAGAGT	6.854882	-28.456988	0	T:183.0(8.73%),B:1740.2(4.98%),P:1e-12	Tpos:95.0,Tstd:57.1,Bpos:97.7,Bstd:101.1,StrandBias:-0.2,Multiplicity:1.26
0.785	0.075	0.045	0.095
0.074	0.054	0.800	0.072
0.781	0.112	0.034	0.073
0.057	0.055	0.818	0.070
0.087	0.078	0.041	0.794
0.728	0.078	0.064	0.130
0.036	0.062	0.834	0.068
0.809	0.044	0.057	0.090
0.058	0.063	0.834	0.045
0.067	0.044	0.065	0.824
>AWCCAAYGAG	16-AWCCAAYGAG	8.676485	-27.764563	0	T:31.0(1.48%),B:103.9(0.30%),P:1e-12	Tpos:103.8,Tstd:41.7,Bpos:106.3,Bstd:88.9,StrandBias:-0.3,Multiplicity:1.00
0.699	0.001	0.127	0.173
0.446	0.131	0.001	0.422
0.038	0.808	0.103	0.051
0.001	0.854	0.071	0.074
0.538	0.141	0.118	0.203
0.700	0.129	0.058	0.113
0.031	0.441	0.224	0.305
0.001	0.117	0.851	0.031
0.623	0.124	0.131	0.122
0.130	0.312	0.557	0.001
>GGTTTGGTCT	17-GGTTTGGTCT	6.876559	-27.563156	0	T:248.0(11.83%),B:2611.4(7.47%),P:1e-11	Tpos:101.6,Tstd:57.0,Bpos:98.5,Bstd:102.2,StrandBias:-0.2,Multiplicity:1.19
0.045	0.068	0.837	0.050
0.027	0.048	0.811	0.114
0.051	0.021	0.093	0.835
0.103	0.046	0.054	0.797
0.067	0.044	0.098	0.791
0.062	0.063	0.802	0.073
0.039	0.074	0.802	0.085
0.069	0.043	0.101	0.787
0.079	0.757	0.050	0.114
0.067	0.077	0.070	0.786
>ASAGACAGAC	18-ASAGACAGAC	5.806912	-27.472858	0	T:554.0(26.43%),B:7014.8(20.06%),P:1e-11	Tpos:102.3,Tstd:56.6,Bpos:98.7,Bstd:114.4,StrandBias:-0.1,Multiplicity:1.30
0.573	0.001	0.103	0.323
0.051	0.433	0.466	0.050
0.733	0.001	0.161	0.105
0.085	0.211	0.703	0.001
0.480	0.202	0.001	0.317
0.001	0.535	0.385	0.079
0.767	0.001	0.001	0.231
0.001	0.128	0.623	0.248
0.705	0.020	0.144	0.131
0.001	0.576	0.422	0.001
>ATTATTAGAA	19-ATTATTAGAA	9.411341	-24.970750	0	T:46.0(2.19%),B:238.0(0.68%),P:1e-10	Tpos:96.0,Tstd:65.1,Bpos:108.2,Bstd:82.3,StrandBias:0.2,Multiplicity:1.11
0.997	0.001	0.001	0.001
0.001	0.001	0.001	0.997
0.356	0.001	0.001	0.642
0.997	0.001	0.001	0.001
0.001	0.001	0.001	0.997
0.156	0.001	0.001	0.842
0.997	0.001	0.001	0.001
0.001	0.001	0.736	0.262
0.612	0.001	0.001	0.386
0.582	0.416	0.001	0.001
>AGACTAGACG	20-AGACTAGACG	6.625075	-18.951240	0	T:93.0(4.44%),B:810.1(2.32%),P:1e-8	Tpos:92.9,Tstd:58.1,Bpos:92.2,Bstd:110.8,StrandBias:0.4,Multiplicity:1.25
0.742	0.073	0.067	0.118
0.034	0.219	0.639	0.108
0.563	0.053	0.230	0.154
0.127	0.641	0.126	0.106
0.064	0.081	0.132	0.723
0.512	0.056	0.199	0.233
0.092	0.067	0.602	0.239
0.650	0.091	0.059	0.200
0.105	0.624	0.063	0.208
0.070	0.107	0.655	0.168
>AGGTCTTACC	21-AGGTCTTACC	8.427539	-18.418635	0	T:46.0(2.19%),B:293.3(0.84%),P:1e-7	Tpos:102.9,Tstd:65.5,Bpos:99.4,Bstd:97.8,StrandBias:0.1,Multiplicity:1.02
0.847	0.071	0.030	0.052
0.001	0.001	0.966	0.032
0.052	0.001	0.946	0.001
0.001	0.015	0.001	0.983
0.041	0.884	0.051	0.024
0.026	0.001	0.001	0.972
0.087	0.001	0.041	0.871
0.966	0.001	0.032	0.001
0.087	0.825	0.001	0.087
0.001	0.912	0.086	0.001
>CTCAGCATGC	22-CTCAGCATGC	10.296193	-16.005984	0	T:7.0(0.33%),B:6.3(0.02%),P:1e-6	Tpos:100.1,Tstd:65.9,Bpos:96.7,Bstd:41.1,StrandBias:0.4,Multiplicity:1.00
0.100	0.700	0.100	0.100
0.100	0.100	0.100	0.700
0.100	0.700	0.100	0.100
0.700	0.100	0.100	0.100
0.100	0.100	0.700	0.100
0.100	0.700	0.100	0.100
0.700	0.100	0.100	0.100
0.100	0.100	0.100	0.700
0.100	0.100	0.700	0.100
0.100	0.700	0.100	0.100
>ACGCAGCGCA	23-ACGCAGCGCA	9.206784	-12.199498	0	T:28.0(1.34%),B:175.5(0.50%),P:1e-5	Tpos:89.0,Tstd:58.4,Bpos:117.4,Bstd:107.1,StrandBias:1.1,Multiplicity:1.48
0.805	0.130	0.064	0.001
0.001	0.997	0.001	0.001
0.001	0.001	0.997	0.001
0.087	0.883	0.001	0.029
0.997	0.001	0.001	0.001
0.258	0.053	0.656	0.033
0.001	0.932	0.001	0.066
0.041	0.109	0.826	0.024
0.001	0.997	0.001	0.001
0.962	0.001	0.036	0.001
>TATTTATTTA	24-TATTTATTTA	10.481552	-9.666394	0	T:17.0(0.81%),B:92.6(0.26%),P:1e-4	Tpos:90.7,Tstd:64.5,Bpos:97.1,Bstd:49.5,StrandBias:0.9,Multiplicity:1.06
0.001	0.001	0.001	0.997
0.968	0.001	0.001	0.030
0.001	0.001	0.001	0.997
0.001	0.001	0.248	0.750
0.001	0.001	0.001	0.997
0.589	0.409	0.001	0.001
0.001	0.015	0.284	0.700
0.001	0.001	0.283	0.715
0.001	0.001	0.413	0.585
0.997	0.001	0.001	0.001
>ATTTTATTTT	25-ATTTTATTTT	10.296193	-1.313344	0	T:3.0(0.14%),B:30.1(0.09%),P:1e0	Tpos:48.8,Tstd:32.5,Bpos:98.6,Bstd:37.2,StrandBias:4.5,Multiplicity:7.67
0.700	0.100	0.100	0.100
0.100	0.100	0.100	0.700
0.100	0.100	0.100	0.700
0.100	0.100	0.100	0.700
0.100	0.100	0.100	0.700
0.700	0.100	0.100	0.100
0.100	0.100	0.100	0.700
0.100	0.100	0.100	0.700
0.100	0.100	0.100	0.700
0.100	0.100	0.100	0.700
