>CTAGKCWG	1-CTAGKCWG	4.795973	-36.190615	0	T:1093.0(52.15%),B:15127.6(43.26%),P:1e-15	Tpos:101.9,Tstd:59.0,Bpos:100.3,Bstd:117.7,StrandBias:-0.1,Multiplicity:1.74
0.001	0.940	0.051	0.008
0.214	0.094	0.001	0.691
0.566	0.021	0.411	0.002
0.111	0.001	0.741	0.147
0.203	0.187	0.233	0.377
0.066	0.803	0.022	0.109
0.404	0.025	0.023	0.548
0.370	0.099	0.530	0.001
>GTGAATCC	2-GTGAATCC	8.236954	-31.605841	0	T:39.0(1.86%),B:142.5(0.41%),P:1e-13	Tpos:105.5,Tstd:40.6,Bpos:88.3,Bstd:86.8,StrandBias:-0.4,Multiplicity:1.00
0.100	0.100	0.700	0.100
0.100	0.100	0.100	0.700
0.100	0.100	0.700	0.100
0.700	0.100	0.100	0.100
0.700	0.100	0.100	0.100
0.100	0.100	0.100	0.700
0.100	0.700	0.100	0.100
0.100	0.700	0.100	0.100
>GCTTAGSS	3-GCTTAGSS	5.167759	-30.154280	0	T:650.0(31.01%),B:8360.4(23.91%),P:1e-13	Tpos:101.3,Tstd:56.6,Bpos:100.5,Bstd:113.7,StrandBias:0.1,Multiplicity:1.36
0.054	0.318	0.627	0.001
0.001	0.770	0.228	0.001
0.001	0.001	0.001	0.997
0.372	0.096	0.001	0.531
0.743	0.001	0.101	0.155
0.070	0.104	0.577	0.249
0.001	0.493	0.505	0.001
0.042	0.415	0.303	0.239
>TGGCATCC	4-TGGCATCC	8.236954	-29.395609	0	T:48.0(2.29%),B:224.6(0.64%),P:1e-12	Tpos:98.1,Tstd:43.7,Bpos:99.6,Bstd:96.4,StrandBias:-0.1,Multiplicity:1.00
0.100	0.100	0.100	0.700
0.100	0.100	0.700	0.100
0.100	0.100	0.700	0.100
0.100	0.700	0.100	0.100
0.700	0.100	0.100	0.100
0.100	0.100	0.100	0.700
0.100	0.700	0.100	0.100
0.100	0.700	0.100	0.100
>CAAACCCT	5-CAAACCCT	6.688376	-28.789684	0	T:345.0(16.46%),B:3912.3(11.19%),P:1e-12	Tpos:95.5,Tstd:57.4,Bpos:102.7,Bstd:98.8,StrandBias:0.2,Multiplicity:1.10
0.001	0.885	0.001	0.113
0.906	0.040	0.053	0.001
0.969	0.029	0.001	0.001
0.913	0.055	0.001	0.031
0.001	0.954	0.044	0.001
0.030	0.838	0.042	0.090
0.001	0.890	0.061	0.048
0.208	0.076	0.001	0.715
>CCCTACTA	6-CCCTACTA	10.765511	-28.685953	0	T:36.0(1.72%),B:134.4(0.38%),P:1e-12	Tpos:111.6,Tstd:65.7,Bpos:84.4,Bstd:74.1,StrandBias:-0.5,Multiplicity:1.08
0.001	0.997	0.001	0.001
0.001	0.997	0.001	0.001
0.001	0.997	0.001	0.001
0.001	0.001	0.001	0.997
0.738	0.001	0.001	0.260
0.001	0.997	0.001	0.001
0.001	0.001	0.001	0.997
0.997	0.001	0.001	0.001
>ATACTGAG	7-ATACTGAG	9.360064	-28.224009	0	T:60.0(2.86%),B:339.9(0.97%),P:1e-12	Tpos:101.9,Tstd:64.0,Bpos:98.4,Bstd:91.4,StrandBias:0.2,Multiplicity:1.02
0.997	0.001	0.001	0.001
0.001	0.001	0.001	0.997
0.817	0.001	0.181	0.001
0.001	0.997	0.001	0.001
0.001	0.001	0.001	0.997
0.001	0.001	0.997	0.001
0.997	0.001	0.001	0.001
0.001	0.001	0.997	0.001
>TWATTAWT	8-TWATTAWT	8.675745	-27.045473	0	T:31.0(1.48%),B:106.6(0.30%),P:1e-11	Tpos:115.9,Tstd:37.7,Bpos:98.2,Bstd:83.4,StrandBias:-0.1,Multiplicity:1.23
0.126	0.001	0.001	0.872
0.533	0.073	0.001	0.393
0.946	0.001	0.001	0.052
0.001	0.076	0.142	0.781
0.150	0.001	0.001	0.848
0.815	0.001	0.076	0.108
0.392	0.070	0.150	0.388
0.037	0.001	0.001	0.961
>TCTAAGGT	9-TCTAAGGT	8.236954	-27.045473	0	T:31.0(1.48%),B:106.7(0.31%),P:1e-11	Tpos:101.0,Tstd:57.3,Bpos:78.8,Bstd:84.6,StrandBias:-0.4,Multiplicity:1.00
0.100	0.100	0.100	0.700
0.100	0.700	0.100	0.100
0.100	0.100	0.100	0.700
0.700	0.100	0.100	0.100
0.700	0.100	0.100	0.100
0.100	0.100	0.700	0.100
0.100	0.100	0.700	0.100
0.100	0.100	0.100	0.700
>CTACTAAC	10-CTACTAAC	8.236954	-26.271733	0	T:34.0(1.62%),B:131.9(0.38%),P:1e-11	Tpos:115.7,Tstd:48.0,Bpos:83.6,Bstd:91.3,StrandBias:0.0,Multiplicity:1.00
0.100	0.700	0.100	0.100
0.100	0.100	0.100	0.700
0.700	0.100	0.100	0.100
0.100	0.700	0.100	0.100
0.100	0.100	0.100	0.700
0.700	0.100	0.100	0.100
0.700	0.100	0.100	0.100
0.100	0.700	0.100	0.100
>TGCTCTGC	11-TGCTCTGC	5.729884	-25.318250	0	T:545.0(26.00%),B:6969.1(19.93%),P:1e-10	Tpos:97.6,Tstd:58.2,Bpos:101.4,Bstd:109.5,StrandBias:-0.1,Multiplicity:1.21
0.001	0.034	0.106	0.859
0.201	0.001	0.728	0.070
0.001	0.516	0.237	0.246
0.001	0.004	0.416	0.579
0.072	0.478	0.169	0.280
0.062	0.044	0.010	0.884
0.001	0.097	0.901	0.001
0.086	0.854	0.009	0.051
>ATCCAGTC	12-ATCCAGTC	8.862047	-23.527036	0	T:59.0(2.81%),B:372.3(1.06%),P:1e-10	Tpos:101.5,Tstd:75.5,Bpos:98.9,Bstd:89.1,StrandBias:0.2,Multiplicity:1.02
0.997	0.001	0.001	0.001
0.001	0.001	0.001	0.997
0.001	0.888	0.001	0.110
0.001	0.997	0.001	0.001
0.997	0.001	0.001	0.001
0.001	0.001	0.997	0.001
0.001	0.001	0.001	0.997
0.001	0.997	0.001	0.001
>CTTATCTA	13-CTTATCTA	8.236954	-23.329686	0	T:32.0(1.53%),B:131.2(0.38%),P:1e-10	Tpos:101.3,Tstd:52.0,Bpos:95.2,Bstd:81.9,StrandBias:-0.2,Multiplicity:1.00
0.100	0.700	0.100	0.100
0.100	0.100	0.100	0.700
0.100	0.100	0.100	0.700
0.700	0.100	0.100	0.100
0.100	0.100	0.100	0.700
0.100	0.700	0.100	0.100
0.100	0.100	0.100	0.700
0.700	0.100	0.100	0.100
>ASWCWSAC	14-ASWCWSAC	6.000925	-22.817425	0	T:608.0(29.01%),B:8045.7(23.01%),P:1e-9	Tpos:98.0,Tstd:58.5,Bpos:97.0,Bstd:112.3,StrandBias:-0.0,Multiplicity:1.36
0.945	0.001	0.001	0.053
0.001	0.480	0.518	0.001
0.509	0.001	0.001	0.489
0.001	0.997	0.001	0.001
0.516	0.001	0.001	0.482
0.001	0.473	0.525	0.001
0.578	0.001	0.001	0.420
0.001	0.652	0.218	0.129
>GTGTATAC	15-GTGTATAC	5.070244	-22.749574	0	T:504.0(24.05%),B:6462.9(18.48%),P:1e-9	Tpos:100.3,Tstd:60.7,Bpos:99.7,Bstd:105.2,StrandBias:0.0,Multiplicity:1.17
0.072	0.069	0.755	0.104
0.099	0.089	0.082	0.730
0.032	0.049	0.829	0.090
0.092	0.125	0.057	0.726
0.691	0.052	0.125	0.132
0.103	0.128	0.031	0.738
0.737	0.083	0.130	0.050
0.026	0.802	0.123	0.049
>TCAATTAC	16-TCAATTAC	8.236954	-21.888322	0	T:32.0(1.53%),B:139.2(0.40%),P:1e-9	Tpos:92.4,Tstd:26.0,Bpos:113.9,Bstd:69.9,StrandBias:-0.3,Multiplicity:1.00
0.100	0.100	0.100	0.700
0.100	0.700	0.100	0.100
0.700	0.100	0.100	0.100
0.700	0.100	0.100	0.100
0.100	0.100	0.100	0.700
0.100	0.100	0.100	0.700
0.700	0.100	0.100	0.100
0.100	0.700	0.100	0.100
>AACGACAT	17-AACGACAT	8.236954	-19.027233	0	T:46.0(2.19%),B:287.3(0.82%),P:1e-8	Tpos:97.7,Tstd:42.8,Bpos:99.6,Bstd:100.8,StrandBias:-0.4,Multiplicity:1.00
0.700	0.100	0.100	0.100
0.700	0.100	0.100	0.100
0.100	0.700	0.100	0.100
0.100	0.100	0.700	0.100
0.700	0.100	0.100	0.100
0.100	0.700	0.100	0.100
0.700	0.100	0.100	0.100
0.100	0.100	0.100	0.700
>ACAACAGT	18-ACAACAGT	8.236954	-18.729200	0	T:45.0(2.15%),B:280.6(0.80%),P:1e-8	Tpos:108.1,Tstd:59.1,Bpos:95.9,Bstd:84.3,StrandBias:-0.2,Multiplicity:1.00
0.700	0.100	0.100	0.100
0.100	0.700	0.100	0.100
0.700	0.100	0.100	0.100
0.700	0.100	0.100	0.100
0.100	0.700	0.100	0.100
0.700	0.100	0.100	0.100
0.100	0.100	0.700	0.100
0.100	0.100	0.100	0.700
>AATAATAA	19-AATAATAA	9.751686	-17.774163	0	T:57.0(2.72%),B:415.0(1.19%),P:1e-7	Tpos:97.9,Tstd:64.6,Bpos:106.1,Bstd:86.6,StrandBias:-0.1,Multiplicity:1.09
0.997	0.001	0.001	0.001
0.787	0.211	0.001	0.001
0.001	0.001	0.001	0.997
0.642	0.001	0.001	0.356
0.950	0.048	0.001	0.001
0.001	0.001	0.001	0.997
0.997	0.001	0.001	0.001
0.997	0.001	0.001	0.001
>CCTAGGAG	20-CCTAGGAG	8.006202	-17.140970	0	T:97.0(4.63%),B:892.1(2.55%),P:1e-7	Tpos:106.1,Tstd:58.8,Bpos:97.8,Bstd:128.0,StrandBias:0.2,Multiplicity:1.10
0.001	0.711	0.287	0.001
0.001	0.997	0.001	0.001
0.130	0.001	0.001	0.868
0.997	0.001	0.001	0.001
0.001	0.001	0.997	0.001
0.001	0.001	0.997	0.001
0.680	0.318	0.001	0.001
0.261	0.001	0.737	0.001
>TGAGTTGA	21-TGAGTTGA	6.813751	-12.929644	0	T:89.0(4.25%),B:880.3(2.52%),P:1e-5	Tpos:94.7,Tstd:53.6,Bpos:97.9,Bstd:104.0,StrandBias:-0.3,Multiplicity:1.14
0.250	0.001	0.001	0.748
0.001	0.001	0.938	0.060
0.997	0.001	0.001	0.001
0.001	0.001	0.997	0.001
0.001	0.001	0.001	0.997
0.001	0.001	0.001	0.997
0.058	0.001	0.940	0.001
0.997	0.001	0.001	0.001
>ARTAMTTA	22-ARTAMTTA	6.899083	-12.203928	0	T:41.0(1.96%),B:312.3(0.89%),P:1e-5	Tpos:96.7,Tstd:50.0,Bpos:98.1,Bstd:97.7,StrandBias:0.2,Multiplicity:1.00
0.702	0.030	0.090	0.178
0.379	0.116	0.332	0.173
0.001	0.081	0.061	0.857
0.855	0.062	0.047	0.036
0.436	0.330	0.081	0.153
0.133	0.086	0.250	0.531
0.197	0.164	0.082	0.557
0.795	0.086	0.001	0.118
>AACAGCTT	23-AACAGCTT	8.236954	-11.409012	0	T:41.0(1.96%),B:323.5(0.93%),P:1e-4	Tpos:105.6,Tstd:33.5,Bpos:99.1,Bstd:94.4,StrandBias:0.2,Multiplicity:1.00
0.700	0.100	0.100	0.100
0.700	0.100	0.100	0.100
0.100	0.700	0.100	0.100
0.700	0.100	0.100	0.100
0.100	0.100	0.700	0.100
0.100	0.700	0.100	0.100
0.100	0.100	0.100	0.700
0.100	0.100	0.100	0.700
>ACRTAAAA	24-ACRTAAAA	7.648018	-9.496570	0	T:73.0(3.48%),B:755.5(2.16%),P:1e-4	Tpos:91.6,Tstd:47.5,Bpos:104.0,Bstd:73.5,StrandBias:0.6,Multiplicity:1.01
0.997	0.001	0.001	0.001
0.093	0.890	0.016	0.001
0.338	0.210	0.452	0.001
0.001	0.062	0.001	0.936
0.997	0.001	0.001	0.001
0.997	0.001	0.001	0.001
0.752	0.246	0.001	0.001
0.884	0.001	0.001	0.114
>ACATAAAT	25-ACATAAAT	10.471558	-1.573925	0	T:8.0(0.38%),B:94.7(0.27%),P:1e0	Tpos:98.4,Tstd:61.4,Bpos:101.2,Bstd:51.9,StrandBias:0.0,Multiplicity:1.00
0.997	0.001	0.001	0.001
0.388	0.610	0.001	0.001
0.997	0.001	0.001	0.001
0.001	0.001	0.001	0.997
0.997	0.001	0.001	0.001
0.997	0.001	0.001	0.001
0.997	0.001	0.001	0.001
0.099	0.001	0.001	0.899
