>GTRTGNGTGWGT	6-GTRTGNGTGWGT,BestGuess:daf-12/MA0538.1/Jaspar(0.720)	5.131595	-46.575910	0	T:754.0(32.24%),B:8174.3(23.73%),P:1e-20
0.036	0.001	0.939	0.024
0.001	0.097	0.084	0.818
0.489	0.024	0.438	0.049
0.074	0.318	0.015	0.593
0.026	0.072	0.887	0.015
0.304	0.165	0.234	0.298
0.355	0.072	0.548	0.025
0.055	0.196	0.182	0.567
0.066	0.121	0.768	0.045
0.395	0.125	0.123	0.357
0.172	0.072	0.719	0.037
0.048	0.049	0.001	0.902
