>TGGGCTTGGCTT	17-AAGCCAAGCCCA	9.068771	-26.464212	0	T:114.0(4.87%),B:824.3(2.39%),P:1e-11
0.029	0.057	0.028	0.886
0.060	0.001	0.799	0.140
0.093	0.045	0.821	0.041
0.051	0.072	0.795	0.082
0.051	0.791	0.042	0.116
0.005	0.079	0.025	0.891
0.023	0.001	0.051	0.925
0.016	0.001	0.927	0.056
0.016	0.057	0.926	0.001
0.091	0.701	0.143	0.065
0.073	0.181	0.030	0.716
0.033	0.050	0.090	0.827
