>GACTAGACTAGA	14-TCTAGTCTAGTC	4.625931	-31.037167	0	T:1094.0(46.77%),B:13476.2(39.12%),P:1e-13
0.126	0.104	0.689	0.081
0.670	0.092	0.130	0.108
0.137	0.654	0.096	0.113
0.162	0.131	0.108	0.599
0.641	0.087	0.136	0.136
0.122	0.096	0.693	0.089
0.706	0.090	0.116	0.088
0.130	0.649	0.113	0.108
0.164	0.131	0.106	0.599
0.681	0.092	0.111	0.116
0.130	0.103	0.682	0.085
0.735	0.086	0.102	0.077
