>AGARAGAGAGAG	21-AGARAGAGAGAG	7.284419	-15.332145	0	T:283.0(12.10%),B:3086.9(8.96%),P:1e-6
0.636	0.310	0.001	0.053
0.157	0.001	0.795	0.047
0.555	0.094	0.324	0.027
0.343	0.046	0.431	0.179
0.823	0.001	0.021	0.155
0.122	0.001	0.728	0.149
0.681	0.173	0.001	0.145
0.302	0.046	0.603	0.049
0.972	0.001	0.001	0.026
0.295	0.001	0.641	0.063
0.941	0.001	0.016	0.042
0.181	0.091	0.727	0.001
