>AAGCCAAGCCCA	17-AAGCCAAGCCCA,BestGuess:SP1/MA0079.4/Jaspar(0.750)	9.068771	-26.464212	0	T:114.0(4.87%),B:824.3(2.39%),P:1e-11
0.827	0.090	0.050	0.033
0.716	0.030	0.181	0.073
0.065	0.143	0.701	0.091
0.001	0.926	0.057	0.016
0.056	0.927	0.001	0.016
0.925	0.051	0.001	0.023
0.891	0.025	0.079	0.005
0.116	0.042	0.791	0.051
0.082	0.795	0.072	0.051
0.041	0.821	0.045	0.093
0.140	0.799	0.001	0.060
0.886	0.028	0.057	0.029
