>DTAWTAWTAWTA	22-TAWTAWTAWTAH	8.725356	-6.543516	0	T:16.0(0.68%),B:98.3(0.29%),P:1e-2
0.362	0.016	0.315	0.307
0.228	0.019	0.201	0.552
0.487	0.032	0.249	0.232
0.549	0.001	0.023	0.427
0.076	0.058	0.232	0.634
0.863	0.043	0.046	0.048
0.369	0.174	0.159	0.298
0.050	0.078	0.047	0.825
0.452	0.054	0.207	0.287
0.402	0.130	0.019	0.449
0.053	0.100	0.045	0.802
0.464	0.010	0.283	0.242
