>AGRGATGCAVAG	10-CTBTGCATCYCT	7.735599	-34.647544	0	T:216.0(9.23%),B:1789.7(5.19%),P:1e-15
0.899	0.065	0.001	0.035
0.001	0.014	0.951	0.034
0.434	0.001	0.564	0.001
0.001	0.393	0.605	0.001
0.694	0.001	0.304	0.001
0.303	0.001	0.177	0.519
0.294	0.085	0.620	0.001
0.099	0.464	0.301	0.136
0.781	0.032	0.001	0.186
0.332	0.384	0.252	0.033
0.667	0.331	0.001	0.001
0.001	0.032	0.764	0.203
