>GGGTTAACCCAA	16-TTGGGTTAACCC	6.706029	-29.109467	0	T:140.0(5.99%),B:1056.6(3.07%),P:1e-12
0.154	0.068	0.620	0.158
0.062	0.144	0.682	0.112
0.092	0.120	0.585	0.203
0.150	0.118	0.104	0.628
0.140	0.178	0.102	0.580
0.640	0.105	0.120	0.135
0.671	0.114	0.088	0.127
0.166	0.643	0.100	0.091
0.136	0.654	0.162	0.048
0.141	0.692	0.052	0.115
0.718	0.134	0.086	0.062
0.669	0.114	0.102	0.115
