>AGNVTAGWSNWS	1-SWNSWCTABNCT	5.231674	-78.161873	0	T:1032.0(44.12%),B:11022.2(31.99%),P:1e-33
0.917	0.001	0.001	0.081
0.009	0.338	0.629	0.024
0.314	0.168	0.208	0.310
0.338	0.280	0.381	0.001
0.138	0.264	0.144	0.455
0.817	0.001	0.181	0.001
0.001	0.269	0.529	0.201
0.403	0.080	0.222	0.294
0.233	0.306	0.447	0.014
0.203	0.298	0.189	0.310
0.407	0.001	0.241	0.351
0.001	0.317	0.458	0.224
