>ATWAWWATWATW	24-ATWAWWATWATW	11.118910	-4.789105	0	T:3.0(0.13%),B:6.0(0.02%),P:1e-2
0.655	0.001	0.299	0.045
0.191	0.077	0.088	0.644
0.382	0.036	0.168	0.414
0.839	0.044	0.115	0.002
0.528	0.087	0.001	0.384
0.566	0.001	0.001	0.432
0.865	0.045	0.001	0.089
0.246	0.033	0.044	0.677
0.526	0.001	0.043	0.430
0.902	0.044	0.027	0.027
0.035	0.043	0.001	0.921
0.447	0.045	0.037	0.470
