>GTATATCCAGTC	19-GTATATCCAGTC,BestGuess:RBM6(RRM)/Homo_sapiens-RNCMPT00170-PBM/HughesRNA(0.618)	7.991714	-22.601778	0	T:39.0(1.67%),B:170.4(0.49%),P:1e-9
0.007	0.224	0.622	0.147
0.104	0.004	0.243	0.649
0.439	0.124	0.212	0.224
0.159	0.209	0.199	0.434
0.539	0.247	0.010	0.204
0.173	0.162	0.134	0.531
0.219	0.737	0.022	0.022
0.178	0.537	0.281	0.004
0.650	0.012	0.146	0.192
0.155	0.209	0.462	0.174
0.024	0.183	0.018	0.775
0.021	0.588	0.206	0.185
