>CTAGCCTAGGCT	13-AGCCTAGGCTAG	5.045555	-46.180296	0	T:592.0(36.30%),B:8450.2(25.84%),P:1e-20
0.097	0.642	0.123	0.138
0.173	0.144	0.103	0.580
0.697	0.053	0.133	0.117
0.089	0.104	0.706	0.101
0.104	0.660	0.099	0.137
0.085	0.706	0.072	0.137
0.142	0.139	0.061	0.658
0.614	0.094	0.135	0.157
0.103	0.105	0.667	0.125
0.111	0.141	0.631	0.117
0.068	0.726	0.091	0.115
0.124	0.118	0.045	0.713
