>AGCCTAGGCTAG	13-AGCCTAGGCTAG,BestGuess:p53(p53)/mES-cMyc-ChIP-Seq(GSE11431)/Homer(0.635)	5.045555	-46.180296	0	T:592.0(36.30%),B:8450.2(25.84%),P:1e-20
0.713	0.045	0.118	0.124
0.115	0.091	0.726	0.068
0.117	0.631	0.141	0.111
0.125	0.667	0.105	0.103
0.157	0.135	0.094	0.614
0.658	0.061	0.139	0.142
0.137	0.072	0.706	0.085
0.137	0.099	0.660	0.104
0.101	0.706	0.104	0.089
0.117	0.133	0.053	0.697
0.580	0.103	0.144	0.173
0.138	0.123	0.642	0.097
