>CAATYCAATTGT	6-CAATYCAATTGT	10.643634	-66.086641	0	T:23.0(1.41%),B:11.7(0.04%),P:1e-28
0.051	0.569	0.052	0.328
0.542	0.097	0.001	0.360
0.691	0.103	0.205	0.001
0.001	0.229	0.001	0.769
0.104	0.405	0.078	0.413
0.051	0.638	0.310	0.001
0.896	0.051	0.001	0.052
0.794	0.002	0.102	0.102
0.001	0.026	0.129	0.844
0.052	0.154	0.078	0.716
0.308	0.150	0.464	0.078
0.077	0.226	0.026	0.671
