>CAGGCCCAGGCC	23-GGCCTGGGCCTG	6.938503	-14.103964	0	T:282.0(17.29%),B:4278.5(13.08%),P:1e-6
0.059	0.939	0.001	0.001
0.813	0.001	0.001	0.185
0.097	0.001	0.813	0.089
0.166	0.001	0.808	0.025
0.127	0.619	0.076	0.178
0.044	0.838	0.070	0.048
0.328	0.670	0.001	0.001
0.768	0.001	0.048	0.183
0.364	0.001	0.571	0.064
0.253	0.066	0.587	0.094
0.083	0.805	0.012	0.100
0.161	0.768	0.070	0.001
