>GGCCTGGGCCTG	23-GGCCTGGGCCTG,BestGuess:Zfx/MA0146.2/Jaspar(0.762)	6.938503	-14.103964	0	T:282.0(17.29%),B:4278.5(13.08%),P:1e-6
0.001	0.070	0.768	0.161
0.100	0.012	0.805	0.083
0.094	0.587	0.066	0.253
0.064	0.571	0.001	0.364
0.183	0.048	0.001	0.768
0.001	0.001	0.670	0.328
0.048	0.070	0.838	0.044
0.178	0.076	0.619	0.127
0.025	0.808	0.001	0.166
0.089	0.813	0.001	0.097
0.185	0.001	0.001	0.813
0.001	0.001	0.939	0.059
