>TCTGGTMTCGTY	21-TCTGGTMTCGTY,BestGuess:PB0036.1_Irf6_1/Jaspar(0.691)	6.982047	-20.308459	0	T:136.0(8.34%),B:1588.6(4.86%),P:1e-8
0.035	0.001	0.123	0.841
0.001	0.778	0.082	0.139
0.001	0.177	0.003	0.819
0.007	0.203	0.789	0.001
0.105	0.001	0.816	0.078
0.005	0.001	0.078	0.916
0.312	0.440	0.247	0.001
0.035	0.035	0.002	0.928
0.039	0.714	0.246	0.001
0.001	0.192	0.806	0.001
0.001	0.078	0.061	0.860
0.003	0.538	0.001	0.458
