>TGTSTGTSWSTC	18-TGTSTGTSWSTC,BestGuess:HNRPLL(RRM)/Homo_sapiens-RNCMPT00178-PBM/HughesRNA(0.789)	6.189405	-23.335203	0	T:302.0(18.52%),B:4213.9(12.89%),P:1e-10
0.119	0.001	0.232	0.648
0.167	0.159	0.673	0.001
0.101	0.130	0.001	0.768
0.137	0.360	0.434	0.069
0.058	0.031	0.001	0.910
0.090	0.206	0.676	0.028
0.161	0.068	0.046	0.725
0.045	0.452	0.378	0.125
0.457	0.080	0.091	0.371
0.112	0.454	0.433	0.001
0.151	0.123	0.043	0.683
0.197	0.496	0.302	0.005
