>RACGAKACCAGA	21-TCTGGTMTCGTY	6.982047	-20.308459	0	T:136.0(8.34%),B:1588.6(4.86%),P:1e-8
0.458	0.001	0.538	0.003
0.860	0.061	0.078	0.001
0.001	0.806	0.192	0.001
0.001	0.246	0.714	0.039
0.928	0.002	0.035	0.035
0.001	0.247	0.440	0.312
0.916	0.078	0.001	0.005
0.078	0.816	0.001	0.105
0.001	0.789	0.203	0.007
0.819	0.003	0.177	0.001
0.139	0.082	0.778	0.001
0.841	0.123	0.001	0.035
