>WATWATAATWAT	25-WATWATAATWAT	8.639710	-3.029019	0	T:22.0(1.35%),B:298.8(0.91%),P:1e-1
0.368	0.131	0.001	0.500
0.674	0.001	0.129	0.196
0.037	0.069	0.236	0.658
0.406	0.131	0.001	0.462
0.864	0.001	0.001	0.134
0.001	0.260	0.064	0.675
0.628	0.001	0.001	0.370
0.695	0.065	0.067	0.173
0.001	0.001	0.066	0.932
0.431	0.001	0.001	0.567
0.563	0.005	0.233	0.199
0.065	0.198	0.002	0.735
