>GGCTAGGCTAGG	17-GGCTAGGCTAGG	4.740945	-26.200716	0	T:704.0(43.16%),B:11427.6(34.95%),P:1e-11
0.125	0.076	0.703	0.096
0.091	0.054	0.768	0.087
0.095	0.648	0.135	0.122
0.163	0.109	0.152	0.576
0.599	0.109	0.155	0.137
0.093	0.099	0.666	0.142
0.117	0.077	0.685	0.121
0.152	0.611	0.119	0.118
0.144	0.151	0.145	0.560
0.618	0.063	0.161	0.158
0.085	0.056	0.792	0.067
0.056	0.055	0.820	0.069
