>GTYGTTGGATKC	9-GMATCCAACRAC	9.962216	-58.390339	0	T:24.0(1.47%),B:18.5(0.06%),P:1e-25
0.281	0.167	0.488	0.063
0.221	0.142	0.016	0.621
0.031	0.378	0.142	0.448
0.300	0.001	0.573	0.126
0.001	0.141	0.047	0.811
0.125	0.001	0.001	0.873
0.063	0.016	0.889	0.032
0.044	0.174	0.467	0.315
0.692	0.031	0.079	0.198
0.063	0.247	0.091	0.599
0.064	0.094	0.375	0.467
0.110	0.496	0.331	0.063
