>TAGGCTAGGCTA	15-TAGGCTAGGCTA	4.625169	-37.098093	0	T:711.0(43.59%),B:11024.4(33.71%),P:1e-16
0.118	0.118	0.096	0.668
0.566	0.129	0.139	0.166
0.097	0.099	0.683	0.121
0.093	0.014	0.782	0.111
0.087	0.660	0.125	0.128
0.166	0.111	0.114	0.609
0.613	0.101	0.133	0.153
0.096	0.113	0.650	0.141
0.115	0.036	0.754	0.095
0.126	0.673	0.116	0.085
0.123	0.125	0.100	0.652
0.691	0.085	0.122	0.102
