>TGAGTTGAGTTG	22-TGAGTTGAGTTG	9.040299	-19.541583	0	T:33.0(2.02%),B:195.7(0.60%),P:1e-8
0.025	0.001	0.021	0.953
0.038	0.025	0.861	0.076
0.776	0.115	0.074	0.035
0.218	0.051	0.711	0.020
0.041	0.113	0.060	0.786
0.071	0.038	0.010	0.881
0.001	0.050	0.924	0.025
0.824	0.140	0.001	0.035
0.127	0.050	0.822	0.001
0.026	0.052	0.065	0.857
0.071	0.076	0.095	0.758
0.001	0.050	0.858	0.091
