>WGYACTGYNSTR	11-WGYACTGYNSTR,BestGuess:PB0091.1_Zbtb3_1/Jaspar(0.574)	5.193267	-54.375298	0	T:413.0(25.32%),B:5091.5(15.57%),P:1e-23
0.343	0.056	0.129	0.472
0.317	0.013	0.593	0.077
0.039	0.409	0.137	0.415
0.484	0.200	0.137	0.178
0.108	0.465	0.288	0.139
0.187	0.209	0.066	0.538
0.341	0.112	0.510	0.037
0.009	0.512	0.004	0.475
0.305	0.168	0.276	0.251
0.008	0.430	0.426	0.136
0.180	0.220	0.004	0.596
0.334	0.087	0.407	0.172
