>YASNRCAGTRCW	11-WGYACTGYNSTR	5.193267	-54.375298	0	T:413.0(25.32%),B:5091.5(15.57%),P:1e-23
0.172	0.407	0.087	0.334
0.596	0.004	0.220	0.180
0.136	0.426	0.430	0.008
0.251	0.276	0.168	0.305
0.475	0.004	0.512	0.009
0.037	0.510	0.112	0.341
0.538	0.066	0.209	0.187
0.139	0.288	0.465	0.108
0.178	0.137	0.200	0.484
0.415	0.137	0.409	0.039
0.077	0.593	0.013	0.317
0.472	0.129	0.056	0.343
