>ATCTCATCTCAT	21-ATCTCATCTCAT	10.213888	-13.062988	0	T:27.0(1.14%),B:143.8(0.40%),P:1e-5
0.838	0.052	0.026	0.084
0.027	0.040	0.053	0.880
0.026	0.842	0.053	0.079
0.020	0.161	0.040	0.779
0.026	0.938	0.035	0.001
0.934	0.001	0.019	0.046
0.026	0.052	0.001	0.921
0.040	0.856	0.052	0.052
0.078	0.161	0.098	0.663
0.052	0.751	0.089	0.108
0.730	0.134	0.026	0.110
0.052	0.046	0.026	0.876
