>TCTCATCTCATC	22-TCTCATCTCATC	9.003262	-12.829120	0	T:51.0(2.16%),B:378.9(1.06%),P:1e-5
0.022	0.035	0.035	0.908
0.035	0.778	0.116	0.071
0.018	0.035	0.071	0.876
0.035	0.929	0.035	0.001
0.783	0.035	0.035	0.147
0.047	0.048	0.035	0.870
0.087	0.828	0.050	0.035
0.084	0.071	0.027	0.818
0.071	0.801	0.035	0.093
0.790	0.144	0.001	0.065
0.070	0.133	0.001	0.796
0.106	0.858	0.035	0.001
