>AGSCMAGGCYAG	5-CTRGCCTKGSCT	4.633636	-52.850087	0	T:1381.0(58.47%),B:17269.5(48.22%),P:1e-22
0.792	0.001	0.001	0.206
0.073	0.246	0.606	0.075
0.135	0.319	0.390	0.156
0.107	0.647	0.001	0.245
0.330	0.389	0.044	0.237
0.683	0.001	0.003	0.313
0.161	0.001	0.676	0.162
0.252	0.205	0.425	0.118
0.192	0.486	0.177	0.145
0.194	0.398	0.047	0.361
0.550	0.130	0.054	0.266
0.311	0.022	0.666	0.001
