>TCTAGTCTAGTC	20-TCTAGTCTAGTC	6.838746	-13.089152	0	T:185.0(7.83%),B:1979.3(5.53%),P:1e-5
0.062	0.042	0.039	0.857
0.063	0.770	0.102	0.065
0.073	0.134	0.065	0.728
0.635	0.143	0.105	0.117
0.055	0.098	0.773	0.074
0.074	0.043	0.053	0.830
0.091	0.734	0.114	0.061
0.078	0.103	0.073	0.746
0.687	0.103	0.103	0.107
0.069	0.141	0.712	0.078
0.042	0.089	0.050	0.819
0.129	0.710	0.075	0.086
