>TWTWMTWATAAT	14-ATTATWAKWAWA	9.044000	-28.627024	0	T:34.0(1.44%),B:110.0(0.31%),P:1e-12
0.279	0.047	0.030	0.644
0.333	0.119	0.189	0.359
0.145	0.102	0.182	0.571
0.418	0.238	0.024	0.320
0.479	0.359	0.049	0.113
0.012	0.059	0.055	0.874
0.291	0.198	0.079	0.431
0.703	0.249	0.030	0.018
0.030	0.073	0.018	0.879
0.617	0.095	0.047	0.241
0.701	0.154	0.097	0.048
0.043	0.055	0.047	0.855
