>TACGTGCGTGCG	17-CGCACGCACGTA	7.465141	-19.711096	0	T:96.0(4.06%),B:756.7(2.11%),P:1e-8
0.080	0.084	0.119	0.717
0.610	0.116	0.181	0.093
0.039	0.770	0.081	0.110
0.033	0.083	0.802	0.082
0.036	0.104	0.084	0.776
0.107	0.047	0.750	0.096
0.062	0.716	0.062	0.160
0.056	0.046	0.835	0.063
0.066	0.056	0.041	0.837
0.070	0.029	0.820	0.081
0.123	0.642	0.090	0.145
0.110	0.094	0.726	0.070
