>GTCTGTCTGTGT	18-GTCTGTCTGTGT	8.327266	-21.539134	0	T:145.0(6.60%),B:1284.9(3.83%),P:1e-9
0.013	0.056	0.863	0.068
0.055	0.060	0.017	0.868
0.047	0.639	0.269	0.045
0.006	0.011	0.001	0.982
0.036	0.059	0.866	0.039
0.019	0.043	0.040	0.898
0.064	0.645	0.276	0.015
0.052	0.008	0.043	0.897
0.039	0.081	0.841	0.039
0.045	0.018	0.033	0.904
0.090	0.096	0.721	0.093
0.024	0.048	0.050	0.878
