>AGTATAGTMYAG	9-CTRKACTATACT	5.617366	-50.795542	0	T:564.0(25.67%),B:5817.7(17.34%),P:1e-22
0.663	0.001	0.167	0.169
0.036	0.091	0.872	0.001
0.010	0.176	0.113	0.701
0.512	0.240	0.024	0.224
0.001	0.279	0.034	0.686
0.743	0.043	0.154	0.060
0.001	0.135	0.783	0.081
0.001	0.176	0.203	0.620
0.388	0.399	0.065	0.147
0.001	0.464	0.016	0.519
0.761	0.001	0.016	0.222
0.001	0.168	0.830	0.001
