>CTRKACTATACT	9-CTRKACTATACT,BestGuess:Tb_0219(RRM)/Trypanosoma_brucei-RNCMPT00219-PBM/HughesRNA(0.641)	5.617366	-50.795542	0	T:564.0(25.67%),B:5817.7(17.34%),P:1e-22
0.001	0.830	0.168	0.001
0.222	0.016	0.001	0.761
0.519	0.016	0.464	0.001
0.147	0.065	0.399	0.388
0.620	0.203	0.176	0.001
0.081	0.783	0.135	0.001
0.060	0.154	0.043	0.743
0.686	0.034	0.279	0.001
0.224	0.024	0.240	0.512
0.701	0.113	0.176	0.010
0.001	0.872	0.091	0.036
0.169	0.167	0.001	0.663
