>CTTTGGCTTAGG	19-CTTTGGCTTAGG	7.440821	-18.910310	0	T:188.0(8.56%),B:1862.3(5.55%),P:1e-8
0.138	0.683	0.110	0.069
0.057	0.088	0.046	0.809
0.029	0.227	0.022	0.722
0.282	0.019	0.188	0.511
0.057	0.019	0.857	0.067
0.001	0.108	0.793	0.098
0.001	0.830	0.113	0.056
0.125	0.139	0.119	0.617
0.123	0.210	0.162	0.505
0.648	0.019	0.080	0.253
0.045	0.019	0.837	0.099
0.076	0.074	0.849	0.001
