>GGACTGGATACA	15-GGACTGGATACA	6.778082	-27.629005	0	T:237.0(10.79%),B:2251.4(6.71%),P:1e-11
0.076	0.075	0.773	0.076
0.111	0.118	0.692	0.079
0.776	0.068	0.095	0.061
0.123	0.643	0.116	0.118
0.074	0.055	0.045	0.826
0.049	0.041	0.802	0.108
0.049	0.070	0.822	0.059
0.725	0.071	0.103	0.101
0.162	0.074	0.085	0.679
0.703	0.126	0.096	0.075
0.089	0.748	0.104	0.059
0.813	0.084	0.046	0.057
