>NACTTAYYTAKC	8-NACTTAYYTAKC	8.175562	-50.843403	0	T:24.0(1.09%),B:19.5(0.06%),P:1e-22
0.248	0.196	0.232	0.324
0.642	0.141	0.096	0.121
0.177	0.621	0.078	0.124
0.054	0.131	0.112	0.703
0.075	0.136	0.102	0.687
0.483	0.142	0.222	0.152
0.176	0.343	0.079	0.403
0.099	0.461	0.099	0.341
0.083	0.154	0.035	0.728
0.652	0.077	0.075	0.196
0.114	0.152	0.391	0.344
0.148	0.423	0.178	0.251
