>CTCTCTCTCGCT	20-CTCTCTCTCGCT	9.024299	-15.576382	0	T:90.0(4.10%),B:765.0(2.28%),P:1e-6
0.044	0.846	0.059	0.051
0.028	0.028	0.010	0.934
0.039	0.810	0.078	0.073
0.033	0.033	0.071	0.863
0.074	0.869	0.024	0.033
0.017	0.046	0.043	0.894
0.033	0.862	0.068	0.037
0.024	0.060	0.050	0.866
0.130	0.772	0.055	0.043
0.106	0.097	0.602	0.195
0.094	0.837	0.010	0.059
0.053	0.050	0.046	0.851
