>AGTCTAGTCTAG	16-AGTCTAGTCTAG	4.694683	-24.403458	0	T:773.0(35.18%),B:9626.4(28.70%),P:1e-10
0.636	0.108	0.113	0.143
0.117	0.070	0.734	0.079
0.140	0.132	0.140	0.588
0.094	0.682	0.120	0.104
0.075	0.091	0.143	0.691
0.693	0.072	0.102	0.133
0.111	0.114	0.689	0.086
0.136	0.111	0.096	0.657
0.101	0.726	0.093	0.080
0.117	0.131	0.119	0.633
0.640	0.163	0.125	0.072
0.083	0.150	0.635	0.132
