>TATCCAGTCCTA	10-TAGGACTGGATA	9.907269	-43.650632	0	T:46.0(2.09%),B:128.9(0.38%),P:1e-18
0.094	0.083	0.094	0.729
0.880	0.047	0.001	0.072
0.001	0.047	0.047	0.905
0.047	0.905	0.001	0.047
0.001	0.905	0.047	0.047
0.905	0.047	0.001	0.047
0.036	0.142	0.728	0.094
0.141	0.001	0.083	0.775
0.001	0.763	0.001	0.235
0.119	0.749	0.131	0.001
0.011	0.001	0.001	0.987
0.784	0.096	0.048	0.072
