>GTCTGTCTGTCT	17-GTCTGTCTGTCT,BestGuess:ENOX1(RRM)/Homo_sapiens-RNCMPT00149-PBM/HughesRNA(0.720)	5.752180	-23.400308	0	T:482.0(21.94%),B:5577.3(16.63%),P:1e-10
0.105	0.084	0.675	0.136
0.088	0.063	0.084	0.765
0.067	0.596	0.126	0.211
0.056	0.001	0.042	0.901
0.084	0.147	0.717	0.052
0.084	0.063	0.021	0.832
0.063	0.761	0.042	0.134
0.077	0.021	0.105	0.797
0.021	0.084	0.738	0.157
0.126	0.147	0.084	0.643
0.063	0.811	0.021	0.105
0.077	0.042	0.105	0.776
