>CAATTATAAG	1-CAATTATAAG	10.296193	-104.871854	0	T:23.0(1.41%),B:2.4(0.01%),P:1e-45	Tpos:105.8,Tstd:82.0,Bpos:104.3,Bstd:14.9,StrandBias:0.1,Multiplicity:1.00
0.100	0.700	0.100	0.100
0.700	0.100	0.100	0.100
0.700	0.100	0.100	0.100
0.100	0.100	0.100	0.700
0.100	0.100	0.100	0.700
0.700	0.100	0.100	0.100
0.100	0.100	0.100	0.700
0.700	0.100	0.100	0.100
0.700	0.100	0.100	0.100
0.100	0.100	0.700	0.100
>TCTAGTGAAT	2-TCTAGTGAAT	10.296193	-79.792238	0	T:23.0(1.41%),B:6.4(0.02%),P:1e-34	Tpos:102.7,Tstd:46.1,Bpos:71.7,Bstd:50.3,StrandBias:0.1,Multiplicity:1.00
0.100	0.100	0.100	0.700
0.100	0.700	0.100	0.100
0.100	0.100	0.100	0.700
0.700	0.100	0.100	0.100
0.100	0.100	0.700	0.100
0.100	0.100	0.100	0.700
0.100	0.100	0.700	0.100
0.700	0.100	0.100	0.100
0.700	0.100	0.100	0.100
0.100	0.100	0.100	0.700
>TAATTAATCC	3-TAATTAATCC	10.617026	-71.125598	0	T:21.0(1.29%),B:6.5(0.02%),P:1e-30	Tpos:96.7,Tstd:12.0,Bpos:86.5,Bstd:31.8,StrandBias:-0.1,Multiplicity:1.00
0.001	0.001	0.001	0.997
0.997	0.001	0.001	0.001
0.997	0.001	0.001	0.001
0.001	0.040	0.001	0.958
0.001	0.001	0.001	0.997
0.997	0.001	0.001	0.001
0.997	0.001	0.001	0.001
0.001	0.001	0.001	0.997
0.001	0.997	0.001	0.001
0.001	0.997	0.001	0.001
>AGTATTTACT	4-AGTATTTACT	13.629077	-66.086641	0	T:23.0(1.41%),B:11.5(0.04%),P:1e-28	Tpos:102.0,Tstd:55.3,Bpos:77.2,Bstd:52.8,StrandBias:-0.1,Multiplicity:1.00
0.997	0.001	0.001	0.001
0.058	0.001	0.940	0.001
0.001	0.001	0.001	0.997
0.997	0.001	0.001	0.001
0.001	0.058	0.001	0.940
0.001	0.001	0.001	0.997
0.001	0.001	0.001	0.997
0.997	0.001	0.001	0.001
0.001	0.955	0.043	0.001
0.001	0.043	0.001	0.955
>TCAAGTCAGA	5-TCAAGTCAGA	13.318387	-62.336631	0	T:22.0(1.35%),B:11.3(0.03%),P:1e-27	Tpos:105.1,Tstd:75.3,Bpos:91.0,Bstd:77.5,StrandBias:0.0,Multiplicity:1.00
0.001	0.001	0.001	0.997
0.001	0.997	0.001	0.001
0.997	0.001	0.001	0.001
0.997	0.001	0.001	0.001
0.001	0.001	0.997	0.001
0.001	0.001	0.001	0.997
0.001	0.997	0.001	0.001
0.997	0.001	0.001	0.001
0.402	0.001	0.596	0.001
0.997	0.001	0.001	0.001
>AACCAAGGAG	6-AACCAAGGAG	10.296193	-62.336631	0	T:22.0(1.35%),B:11.1(0.03%),P:1e-27	Tpos:105.1,Tstd:65.0,Bpos:75.2,Bstd:37.2,StrandBias:0.0,Multiplicity:1.00
0.700	0.100	0.100	0.100
0.700	0.100	0.100	0.100
0.100	0.700	0.100	0.100
0.100	0.700	0.100	0.100
0.700	0.100	0.100	0.100
0.700	0.100	0.100	0.100
0.100	0.100	0.700	0.100
0.100	0.100	0.700	0.100
0.700	0.100	0.100	0.100
0.100	0.100	0.700	0.100
>CCCTACTACC	7-CCCTACTACC	10.367909	-60.833334	0	T:33.0(2.02%),B:45.9(0.14%),P:1e-26	Tpos:97.5,Tstd:67.9,Bpos:73.8,Bstd:53.2,StrandBias:0.1,Multiplicity:1.00
0.001	0.997	0.001	0.001
0.001	0.997	0.001	0.001
0.001	0.997	0.001	0.001
0.001	0.056	0.001	0.942
0.997	0.001	0.001	0.001
0.001	0.997	0.001	0.001
0.001	0.001	0.033	0.965
0.997	0.001	0.001	0.001
0.001	0.997	0.001	0.001
0.001	0.997	0.001	0.001
>GTCAAAATGG	8-GTCAAAATGG	10.296193	-55.084061	0	T:19.0(1.16%),B:9.2(0.03%),P:1e-23	Tpos:99.8,Tstd:16.3,Bpos:102.0,Bstd:27.8,StrandBias:0.2,Multiplicity:1.00
0.100	0.100	0.700	0.100
0.100	0.100	0.100	0.700
0.100	0.700	0.100	0.100
0.700	0.100	0.100	0.100
0.700	0.100	0.100	0.100
0.700	0.100	0.100	0.100
0.700	0.100	0.100	0.100
0.100	0.100	0.100	0.700
0.100	0.100	0.700	0.100
0.100	0.100	0.700	0.100
>AATTGAATTG	9-AATTGAATTG	12.923990	-52.020684	0	T:25.0(1.53%),B:27.8(0.08%),P:1e-22	Tpos:100.5,Tstd:26.3,Bpos:135.9,Bstd:83.9,StrandBias:-0.5,Multiplicity:1.16
0.997	0.001	0.001	0.001
0.960	0.001	0.038	0.001
0.001	0.001	0.038	0.960
0.125	0.001	0.001	0.873
0.001	0.217	0.781	0.001
0.997	0.001	0.001	0.001
0.921	0.001	0.039	0.039
0.001	0.001	0.001	0.997
0.125	0.001	0.001	0.873
0.217	0.001	0.781	0.001
>TTTCTACTAA	10-TTTCTACTAA	10.953498	-49.941971	0	T:24.0(1.47%),B:26.8(0.08%),P:1e-21	Tpos:112.0,Tstd:48.0,Bpos:62.7,Bstd:73.1,StrandBias:-0.5,Multiplicity:1.00
0.056	0.001	0.001	0.942
0.001	0.001	0.001	0.997
0.001	0.001	0.001	0.997
0.001	0.997	0.001	0.001
0.001	0.001	0.001	0.997
0.997	0.001	0.001	0.001
0.001	0.997	0.001	0.001
0.001	0.001	0.001	0.997
0.997	0.001	0.001	0.001
0.997	0.001	0.001	0.001
>ARSVYAASSC	11-ARSVYAASSC	4.960248	-49.936729	0	T:767.0(47.03%),B:11553.5(35.33%),P:1e-21	Tpos:103.5,Tstd:54.8,Bpos:101.4,Bstd:131.2,StrandBias:-0.2,Multiplicity:1.63
0.800	0.050	0.027	0.123
0.431	0.065	0.491	0.012
0.059	0.415	0.496	0.030
0.313	0.343	0.330	0.013
0.160	0.469	0.035	0.336
0.777	0.073	0.032	0.118
0.563	0.034	0.357	0.046
0.209	0.327	0.416	0.047
0.163	0.393	0.428	0.016
0.066	0.540	0.305	0.089
>AACAGCTTCA	12-AACAGCTTCA	11.938782	-45.823656	0	T:29.0(1.78%),B:53.5(0.16%),P:1e-19	Tpos:101.9,Tstd:32.0,Bpos:107.5,Bstd:82.7,StrandBias:-0.3,Multiplicity:1.00
0.997	0.001	0.001	0.001
0.997	0.001	0.001	0.001
0.001	0.848	0.001	0.150
0.997	0.001	0.001	0.001
0.001	0.001	0.997	0.001
0.001	0.997	0.001	0.001
0.001	0.001	0.001	0.997
0.001	0.001	0.001	0.997
0.001	0.997	0.001	0.001
0.997	0.001	0.001	0.001
>CTACGACAYT	13-CTACGACAYT	9.655401	-43.995680	0	T:25.0(1.53%),B:38.1(0.12%),P:1e-19	Tpos:107.4,Tstd:35.9,Bpos:67.9,Bstd:82.2,StrandBias:-0.1,Multiplicity:1.00
0.001	0.997	0.001	0.001
0.046	0.001	0.001	0.952
0.997	0.001	0.001	0.001
0.001	0.997	0.001	0.001
0.001	0.001	0.997	0.001
0.630	0.001	0.001	0.368
0.001	0.997	0.001	0.001
0.996	0.001	0.002	0.001
0.001	0.473	0.001	0.525
0.001	0.001	0.001	0.997
>GATACTGAGG	14-GATACTGAGG	10.075304	-42.041565	0	T:26.0(1.59%),B:46.4(0.14%),P:1e-18	Tpos:105.0,Tstd:72.7,Bpos:77.5,Bstd:56.6,StrandBias:-0.4,Multiplicity:1.00
0.070	0.001	0.928	0.001
0.997	0.001	0.001	0.001
0.001	0.001	0.001	0.997
0.997	0.001	0.001	0.001
0.001	0.997	0.001	0.001
0.001	0.001	0.001	0.997
0.001	0.001	0.997	0.001
0.997	0.001	0.001	0.001
0.025	0.001	0.973	0.001
0.001	0.001	0.997	0.001
>TAGACTAGAC	15-TAGACTAGAC	4.729770	-36.751938	0	T:530.0(32.50%),B:7690.5(23.52%),P:1e-15	Tpos:103.9,Tstd:59.9,Bpos:99.1,Bstd:118.4,StrandBias:-0.2,Multiplicity:1.60
0.091	0.097	0.098	0.714
0.722	0.078	0.113	0.087
0.075	0.121	0.721	0.083
0.682	0.104	0.102	0.112
0.112	0.716	0.094	0.078
0.076	0.096	0.099	0.729
0.607	0.100	0.180	0.113
0.089	0.104	0.707	0.100
0.720	0.079	0.109	0.092
0.098	0.686	0.104	0.112
>AGACTAGACT	16-AGACTAGACT	4.540382	-36.440011	0	T:835.0(51.20%),B:13446.3(41.12%),P:1e-15	Tpos:100.5,Tstd:57.5,Bpos:99.5,Bstd:115.9,StrandBias:0.2,Multiplicity:1.25
0.760	0.067	0.131	0.042
0.076	0.137	0.668	0.119
0.778	0.119	0.063	0.040
0.092	0.698	0.162	0.048
0.128	0.188	0.111	0.573
0.704	0.138	0.069	0.089
0.079	0.119	0.675	0.127
0.729	0.123	0.119	0.029
0.136	0.649	0.096	0.119
0.095	0.097	0.038	0.770
>CACTGTTCAG	17-CACTGTTCAG	4.745769	-28.789998	0	T:419.0(25.69%),B:6033.0(18.45%),P:1e-12	Tpos:96.1,Tstd:57.7,Bpos:101.3,Bstd:116.1,StrandBias:0.1,Multiplicity:1.17
0.145	0.598	0.118	0.139
0.591	0.114	0.139	0.156
0.124	0.612	0.143	0.121
0.146	0.119	0.102	0.633
0.086	0.142	0.668	0.104
0.116	0.170	0.145	0.569
0.164	0.145	0.156	0.535
0.092	0.631	0.156	0.121
0.590	0.110	0.109	0.191
0.149	0.135	0.576	0.140
>ACGTATGACA	18-ACGTATGACA	11.428380	-22.400951	0	T:13.0(0.80%),B:22.8(0.07%),P:1e-9	Tpos:93.9,Tstd:53.4,Bpos:78.6,Bstd:66.0,StrandBias:-0.7,Multiplicity:1.00
0.997	0.001	0.001	0.001
0.001	0.916	0.001	0.082
0.001	0.001	0.997	0.001
0.001	0.001	0.001	0.997
0.997	0.001	0.001	0.001
0.001	0.001	0.001	0.997
0.001	0.001	0.997	0.001
0.900	0.001	0.001	0.098
0.001	0.997	0.001	0.001
0.997	0.001	0.001	0.001
>TTAAAGGCAA	19-TTAAAGGCAA	11.059830	-20.127399	0	T:15.0(0.92%),B:38.5(0.12%),P:1e-8	Tpos:97.1,Tstd:36.3,Bpos:86.1,Bstd:48.5,StrandBias:-0.2,Multiplicity:1.00
0.001	0.001	0.001	0.997
0.001	0.001	0.001	0.997
0.904	0.001	0.094	0.001
0.997	0.001	0.001	0.001
0.997	0.001	0.001	0.001
0.001	0.001	0.997	0.001
0.001	0.001	0.997	0.001
0.001	0.878	0.001	0.120
0.997	0.001	0.001	0.001
0.920	0.001	0.078	0.001
>CTGTCTGTCT	20-CTGTCTGTCT	7.684235	-18.861237	0	T:109.0(6.68%),B:1214.2(3.71%),P:1e-8	Tpos:95.6,Tstd:53.8,Bpos:92.1,Bstd:124.6,StrandBias:0.4,Multiplicity:1.08
0.234	0.514	0.187	0.065
0.113	0.001	0.231	0.655
0.027	0.339	0.633	0.001
0.346	0.108	0.009	0.537
0.001	0.997	0.001	0.001
0.276	0.079	0.001	0.644
0.001	0.153	0.845	0.001
0.188	0.135	0.028	0.649
0.067	0.806	0.050	0.077
0.058	0.001	0.001	0.940
>CACACACACA	21-CACACACACA	8.198948	-11.871623	0	T:63.0(3.86%),B:693.0(2.12%),P:1e-5	Tpos:92.9,Tstd:59.0,Bpos:97.3,Bstd:126.6,StrandBias:0.3,Multiplicity:1.25
0.001	0.997	0.001	0.001
0.997	0.001	0.001	0.001
0.001	0.997	0.001	0.001
0.997	0.001	0.001	0.001
0.001	0.872	0.056	0.071
0.958	0.001	0.001	0.040
0.001	0.941	0.001	0.057
0.997	0.001	0.001	0.001
0.001	0.951	0.001	0.047
0.955	0.043	0.001	0.001
>TATTATTATT	22-TATTATTATT	9.607485	-7.329414	0	T:19.0(1.16%),B:161.2(0.49%),P:1e-3	Tpos:100.5,Tstd:57.7,Bpos:100.3,Bstd:96.9,StrandBias:0.6,Multiplicity:1.44
0.001	0.001	0.001	0.997
0.997	0.001	0.001	0.001
0.001	0.001	0.001	0.997
0.001	0.094	0.001	0.904
0.782	0.001	0.001	0.216
0.001	0.001	0.025	0.973
0.001	0.001	0.001	0.997
0.977	0.021	0.001	0.001
0.001	0.001	0.001	0.997
0.001	0.001	0.001	0.997
>ACTTAGTTTA	23-ACTTAGTTTA	10.072513	-6.841554	0	T:10.0(0.61%),B:60.5(0.19%),P:1e-2	Tpos:104.2,Tstd:41.5,Bpos:93.3,Bstd:83.3,StrandBias:-0.6,Multiplicity:1.11
0.997	0.001	0.001	0.001
0.180	0.663	0.156	0.001
0.001	0.001	0.001	0.997
0.001	0.001	0.001	0.997
0.997	0.001	0.001	0.001
0.334	0.001	0.664	0.001
0.001	0.001	0.001	0.997
0.155	0.001	0.001	0.843
0.328	0.001	0.001	0.670
0.997	0.001	0.001	0.001
>TAATAATTAT	24-TAATAATTAT	12.285939	-4.553823	0	T:5.0(0.31%),B:26.1(0.08%),P:1e-1	Tpos:134.7,Tstd:59.5,Bpos:82.1,Bstd:52.9,StrandBias:-0.3,Multiplicity:1.20
0.001	0.001	0.001	0.997
0.905	0.001	0.001	0.093
0.997	0.001	0.001	0.001
0.001	0.001	0.001	0.997
0.602	0.001	0.001	0.396
0.910	0.001	0.001	0.088
0.001	0.001	0.001	0.997
0.001	0.047	0.307	0.645
0.997	0.001	0.001	0.001
0.001	0.001	0.001	0.997
>ATTATTATAA	25-ATTATTATAA	13.137214	-1.352221	0	T:1.0(0.06%),B:6.2(0.02%),P:1e0	Tpos:114.0,Tstd:0.0,Bpos:98.0,Bstd:24.0,StrandBias:-10.0,Multiplicity:1.00
0.997	0.001	0.001	0.001
0.001	0.001	0.001	0.997
0.023	0.135	0.001	0.841
0.997	0.001	0.001	0.001
0.001	0.001	0.001	0.997
0.317	0.001	0.001	0.681
0.997	0.001	0.001	0.001
0.001	0.001	0.001	0.997
0.863	0.001	0.001	0.135
0.997	0.001	0.001	0.001
>AAGTCAAGTCAG	1-AAGTCAAGTCAG	12.355432	-114.619830	0	T:22.0(1.35%),B:1.6(0.00%),P:1e-49	Tpos:105.1,Tstd:77.0,Bpos:57.8,Bstd:24.7,StrandBias:0.0,Multiplicity:1.00
0.700	0.100	0.100	0.100
0.700	0.100	0.100	0.100
0.100	0.100	0.700	0.100
0.100	0.100	0.100	0.700
0.100	0.700	0.100	0.100
0.700	0.100	0.100	0.100
0.700	0.100	0.100	0.100
0.100	0.100	0.700	0.100
0.100	0.100	0.100	0.700
0.100	0.700	0.100	0.100
0.700	0.100	0.100	0.100
0.100	0.100	0.700	0.100
>CCAAGGAGAACA	2-CCAAGGAGAACA	12.355432	-104.871854	0	T:23.0(1.41%),B:2.3(0.01%),P:1e-45	Tpos:101.5,Tstd:63.7,Bpos:70.9,Bstd:18.1,StrandBias:0.1,Multiplicity:1.00
0.100	0.700	0.100	0.100
0.100	0.700	0.100	0.100
0.700	0.100	0.100	0.100
0.700	0.100	0.100	0.100
0.100	0.100	0.700	0.100
0.100	0.100	0.700	0.100
0.700	0.100	0.100	0.100
0.100	0.100	0.700	0.100
0.700	0.100	0.100	0.100
0.700	0.100	0.100	0.100
0.100	0.700	0.100	0.100
0.700	0.100	0.100	0.100
>ACAGTAAATACT	3-ACAGTAAATACT	12.355432	-104.871854	0	T:23.0(1.41%),B:2.3(0.01%),P:1e-45	Tpos:102.0,Tstd:55.3,Bpos:119.7,Bstd:34.0,StrandBias:0.1,Multiplicity:1.00
0.700	0.100	0.100	0.100
0.100	0.700	0.100	0.100
0.700	0.100	0.100	0.100
0.100	0.100	0.700	0.100
0.100	0.100	0.100	0.700
0.700	0.100	0.100	0.100
0.700	0.100	0.100	0.100
0.700	0.100	0.100	0.100
0.100	0.100	0.100	0.700
0.700	0.100	0.100	0.100
0.100	0.700	0.100	0.100
0.100	0.100	0.100	0.700
>TACTTATCTAGT	4-TACTTATCTAGT	12.355432	-104.871854	0	T:23.0(1.41%),B:2.2(0.01%),P:1e-45	Tpos:102.5,Tstd:48.4,Bpos:120.0,Bstd:30.9,StrandBias:0.1,Multiplicity:1.00
0.100	0.100	0.100	0.700
0.700	0.100	0.100	0.100
0.100	0.700	0.100	0.100
0.100	0.100	0.100	0.700
0.100	0.100	0.100	0.700
0.700	0.100	0.100	0.100
0.100	0.100	0.100	0.700
0.100	0.700	0.100	0.100
0.100	0.100	0.100	0.700
0.700	0.100	0.100	0.100
0.100	0.100	0.700	0.100
0.100	0.100	0.100	0.700
>CCAACAGCTTCA	5-CCAACAGCTTCA	13.319428	-75.436407	0	T:22.0(1.35%),B:6.9(0.02%),P:1e-32	Tpos:95.1,Tstd:13.5,Bpos:108.6,Bstd:37.7,StrandBias:0.0,Multiplicity:1.00
0.001	0.997	0.001	0.001
0.001	0.997	0.001	0.001
0.997	0.001	0.001	0.001
0.997	0.001	0.001	0.001
0.001	0.997	0.001	0.001
0.997	0.001	0.001	0.001
0.001	0.001	0.997	0.001
0.001	0.997	0.001	0.001
0.001	0.001	0.001	0.997
0.001	0.001	0.001	0.997
0.001	0.959	0.039	0.001
0.959	0.001	0.001	0.039
>CAATYCAATTGT	6-CAATYCAATTGT	10.643634	-66.086641	0	T:23.0(1.41%),B:11.7(0.04%),P:1e-28	Tpos:101.3,Tstd:82.3,Bpos:156.8,Bstd:68.0,StrandBias:-0.2,Multiplicity:1.13
0.051	0.569	0.052	0.328
0.542	0.097	0.001	0.360
0.691	0.103	0.205	0.001
0.001	0.229	0.001	0.769
0.104	0.405	0.078	0.413
0.051	0.638	0.310	0.001
0.896	0.051	0.001	0.052
0.794	0.002	0.102	0.102
0.001	0.026	0.129	0.844
0.052	0.154	0.078	0.716
0.308	0.150	0.464	0.078
0.077	0.226	0.026	0.671
>GATTTCTAATAA	7-GATTTCTAATAA	11.867384	-60.428203	0	T:25.0(1.53%),B:19.5(0.06%),P:1e-26	Tpos:106.8,Tstd:46.5,Bpos:51.9,Bstd:64.3,StrandBias:-0.1,Multiplicity:1.00
0.190	0.001	0.751	0.058
0.997	0.001	0.001	0.001
0.001	0.001	0.001	0.997
0.001	0.001	0.001	0.997
0.001	0.001	0.186	0.812
0.001	0.997	0.001	0.001
0.001	0.001	0.001	0.997
0.997	0.001	0.001	0.001
0.751	0.247	0.001	0.001
0.001	0.001	0.001	0.997
0.997	0.001	0.001	0.001
0.997	0.001	0.001	0.001
>TTGKTARTAGAG	8-TTGKTARTAGAG	8.684000	-58.845767	0	T:33.0(2.02%),B:48.8(0.15%),P:1e-25	Tpos:94.5,Tstd:66.5,Bpos:68.6,Bstd:50.8,StrandBias:0.1,Multiplicity:1.00
0.001	0.001	0.001	0.997
0.001	0.138	0.001	0.860
0.001	0.001	0.997	0.001
0.001	0.001	0.570	0.428
0.001	0.001	0.001	0.997
0.996	0.001	0.002	0.001
0.428	0.001	0.570	0.001
0.001	0.001	0.001	0.997
0.997	0.001	0.001	0.001
0.001	0.001	0.997	0.001
0.857	0.001	0.141	0.001
0.001	0.001	0.997	0.001
>GMATCCAACRAC	9-GMATCCAACRAC	9.962216	-58.390339	0	T:24.0(1.47%),B:18.5(0.06%),P:1e-25	Tpos:106.3,Tstd:35.6,Bpos:100.2,Bstd:51.8,StrandBias:0.1,Multiplicity:1.83
0.063	0.331	0.496	0.110
0.467	0.375	0.094	0.064
0.599	0.091	0.247	0.063
0.198	0.079	0.031	0.692
0.315	0.467	0.174	0.044
0.032	0.889	0.016	0.063
0.873	0.001	0.001	0.125
0.811	0.047	0.141	0.001
0.126	0.573	0.001	0.300
0.448	0.142	0.378	0.031
0.621	0.016	0.142	0.221
0.063	0.488	0.167	0.281
>SRATTAATTAAT	10-SRATTAATTAAT	15.128510	-55.217385	0	T:21.0(1.29%),B:13.9(0.04%),P:1e-23	Tpos:98.8,Tstd:8.6,Bpos:86.7,Bstd:28.5,StrandBias:0.1,Multiplicity:1.00
0.018	0.407	0.438	0.137
0.561	0.001	0.437	0.001
0.997	0.001	0.001	0.001
0.001	0.001	0.001	0.997
0.001	0.001	0.001	0.997
0.997	0.001	0.001	0.001
0.997	0.001	0.001	0.001
0.001	0.001	0.001	0.997
0.001	0.001	0.001	0.997
0.997	0.001	0.001	0.001
0.997	0.001	0.001	0.001
0.001	0.001	0.001	0.997
>WGYACTGYNSTR	11-WGYACTGYNSTR	5.193267	-54.375298	0	T:413.0(25.32%),B:5091.5(15.57%),P:1e-23	Tpos:102.7,Tstd:58.3,Bpos:100.3,Bstd:118.2,StrandBias:-0.0,Multiplicity:1.19
0.343	0.056	0.129	0.472
0.317	0.013	0.593	0.077
0.039	0.409	0.137	0.415
0.484	0.200	0.137	0.178
0.108	0.465	0.288	0.139
0.187	0.209	0.066	0.538
0.341	0.112	0.510	0.037
0.009	0.512	0.004	0.475
0.305	0.168	0.276	0.251
0.008	0.430	0.426	0.136
0.180	0.220	0.004	0.596
0.334	0.087	0.407	0.172
>CGCCCCTTCTAA	12-CGCCCCTTCTAA	12.128474	-53.234223	0	T:26.0(1.59%),B:30.0(0.09%),P:1e-23	Tpos:98.9,Tstd:54.0,Bpos:47.3,Bstd:39.4,StrandBias:0.0,Multiplicity:1.00
0.299	0.699	0.001	0.001
0.001	0.001	0.997	0.001
0.001	0.902	0.001	0.096
0.001	0.997	0.001	0.001
0.001	0.699	0.001	0.299
0.001	0.699	0.001	0.299
0.001	0.001	0.299	0.699
0.001	0.001	0.299	0.699
0.001	0.997	0.001	0.001
0.001	0.001	0.001	0.997
0.997	0.001	0.001	0.001
0.699	0.299	0.001	0.001
>AGCCTAGGCTAG	13-AGCCTAGGCTAG	5.045555	-46.180296	0	T:592.0(36.30%),B:8450.2(25.84%),P:1e-20	Tpos:103.8,Tstd:57.0,Bpos:102.0,Bstd:143.9,StrandBias:-0.1,Multiplicity:1.66
0.713	0.045	0.118	0.124
0.115	0.091	0.726	0.068
0.117	0.631	0.141	0.111
0.125	0.667	0.105	0.103
0.157	0.135	0.094	0.614
0.658	0.061	0.139	0.142
0.137	0.072	0.706	0.085
0.137	0.099	0.660	0.104
0.101	0.706	0.104	0.089
0.117	0.133	0.053	0.697
0.580	0.103	0.144	0.173
0.138	0.123	0.642	0.097
>GTCCAATCCACT	14-GTCCAATCCACT	8.953864	-43.148865	0	T:34.0(2.08%),B:87.6(0.27%),P:1e-18	Tpos:100.7,Tstd:71.6,Bpos:97.9,Bstd:86.9,StrandBias:0.4,Multiplicity:1.00
0.215	0.001	0.783	0.001
0.001	0.001	0.001	0.997
0.001	0.997	0.001	0.001
0.001	0.997	0.001	0.001
0.997	0.001	0.001	0.001
0.784	0.001	0.201	0.014
0.001	0.001	0.001	0.997
0.001	0.997	0.001	0.001
0.001	0.997	0.001	0.001
0.980	0.001	0.001	0.018
0.212	0.755	0.032	0.001
0.001	0.196	0.001	0.802
>TAGGCTAGGCTA	15-TAGGCTAGGCTA	4.625169	-37.098093	0	T:711.0(43.59%),B:11024.4(33.71%),P:1e-16	Tpos:97.2,Tstd:55.8,Bpos:98.5,Bstd:117.0,StrandBias:0.0,Multiplicity:1.19
0.118	0.118	0.096	0.668
0.566	0.129	0.139	0.166
0.097	0.099	0.683	0.121
0.093	0.014	0.782	0.111
0.087	0.660	0.125	0.128
0.166	0.111	0.114	0.609
0.613	0.101	0.133	0.153
0.096	0.113	0.650	0.141
0.115	0.036	0.754	0.095
0.126	0.673	0.116	0.085
0.123	0.125	0.100	0.652
0.691	0.085	0.122	0.102
>CATCCACGGATG	16-CATCCACGGATG	9.119627	-29.212889	0	T:17.0(1.04%),B:28.7(0.09%),P:1e-12	Tpos:88.7,Tstd:54.1,Bpos:83.6,Bstd:79.4,StrandBias:-0.2,Multiplicity:1.00
0.001	0.997	0.001	0.001
0.997	0.001	0.001	0.001
0.187	0.001	0.059	0.753
0.247	0.751	0.001	0.001
0.001	0.997	0.001	0.001
0.810	0.188	0.001	0.001
0.001	0.997	0.001	0.001
0.001	0.001	0.997	0.001
0.001	0.001	0.940	0.058
0.997	0.001	0.001	0.001
0.001	0.001	0.001	0.997
0.001	0.186	0.812	0.001
>GGCTAGGCTAGG	17-GGCTAGGCTAGG	4.740945	-26.200716	0	T:704.0(43.16%),B:11427.6(34.95%),P:1e-11	Tpos:98.2,Tstd:56.0,Bpos:98.7,Bstd:137.6,StrandBias:0.0,Multiplicity:1.18
0.125	0.076	0.703	0.096
0.091	0.054	0.768	0.087
0.095	0.648	0.135	0.122
0.163	0.109	0.152	0.576
0.599	0.109	0.155	0.137
0.093	0.099	0.666	0.142
0.117	0.077	0.685	0.121
0.152	0.611	0.119	0.118
0.144	0.151	0.145	0.560
0.618	0.063	0.161	0.158
0.085	0.056	0.792	0.067
0.056	0.055	0.820	0.069
>TGTSTGTSWSTC	18-TGTSTGTSWSTC	6.189405	-23.335203	0	T:302.0(18.52%),B:4213.9(12.89%),P:1e-10	Tpos:100.0,Tstd:55.4,Bpos:99.9,Bstd:122.4,StrandBias:-0.0,Multiplicity:1.17
0.119	0.001	0.232	0.648
0.167	0.159	0.673	0.001
0.101	0.130	0.001	0.768
0.137	0.360	0.434	0.069
0.058	0.031	0.001	0.910
0.090	0.206	0.676	0.028
0.161	0.068	0.046	0.725
0.045	0.452	0.378	0.125
0.457	0.080	0.091	0.371
0.112	0.454	0.433	0.001
0.151	0.123	0.043	0.683
0.197	0.496	0.302	0.005
>GMRTGVRTGMGW	19-GMRTGVRTGMGW	7.072975	-22.146027	0	T:91.0(5.58%),B:886.4(2.71%),P:1e-9	Tpos:90.1,Tstd:55.5,Bpos:96.5,Bstd:104.2,StrandBias:0.3,Multiplicity:1.05
0.001	0.001	0.997	0.001
0.515	0.397	0.001	0.087
0.308	0.042	0.447	0.203
0.119	0.001	0.001	0.879
0.001	0.105	0.583	0.311
0.228	0.377	0.303	0.093
0.439	0.009	0.364	0.188
0.048	0.147	0.206	0.599
0.190	0.162	0.632	0.016
0.376	0.485	0.001	0.137
0.001	0.214	0.596	0.189
0.284	0.216	0.126	0.374
>TTTTCAAAGGAT	20-TTTTCAAAGGAT	12.355432	-20.503601	0	T:6.0(0.37%),B:2.5(0.01%),P:1e-8	Tpos:114.7,Tstd:23.5,Bpos:73.7,Bstd:35.4,StrandBias:0.0,Multiplicity:1.00
0.100	0.100	0.100	0.700
0.100	0.100	0.100	0.700
0.100	0.100	0.100	0.700
0.100	0.100	0.100	0.700
0.100	0.700	0.100	0.100
0.700	0.100	0.100	0.100
0.700	0.100	0.100	0.100
0.700	0.100	0.100	0.100
0.100	0.100	0.700	0.100
0.100	0.100	0.700	0.100
0.700	0.100	0.100	0.100
0.100	0.100	0.100	0.700
>TCTGGTMTCGTY	21-TCTGGTMTCGTY	6.982047	-20.308459	0	T:136.0(8.34%),B:1588.6(4.86%),P:1e-8	Tpos:97.4,Tstd:50.9,Bpos:98.8,Bstd:135.1,StrandBias:-0.1,Multiplicity:1.01
0.035	0.001	0.123	0.841
0.001	0.778	0.082	0.139
0.001	0.177	0.003	0.819
0.007	0.203	0.789	0.001
0.105	0.001	0.816	0.078
0.005	0.001	0.078	0.916
0.312	0.440	0.247	0.001
0.035	0.035	0.002	0.928
0.039	0.714	0.246	0.001
0.001	0.192	0.806	0.001
0.001	0.078	0.061	0.860
0.003	0.538	0.001	0.458
>TGAGTTGAGTTG	22-TGAGTTGAGTTG	9.040299	-19.541583	0	T:33.0(2.02%),B:195.7(0.60%),P:1e-8	Tpos:89.2,Tstd:55.3,Bpos:115.6,Bstd:94.3,StrandBias:-0.5,Multiplicity:1.06
0.025	0.001	0.021	0.953
0.038	0.025	0.861	0.076
0.776	0.115	0.074	0.035
0.218	0.051	0.711	0.020
0.041	0.113	0.060	0.786
0.071	0.038	0.010	0.881
0.001	0.050	0.924	0.025
0.824	0.140	0.001	0.035
0.127	0.050	0.822	0.001
0.026	0.052	0.065	0.857
0.071	0.076	0.095	0.758
0.001	0.050	0.858	0.091
>GGCCTGGGCCTG	23-GGCCTGGGCCTG	6.938503	-14.103964	0	T:282.0(17.29%),B:4278.5(13.08%),P:1e-6	Tpos:98.8,Tstd:56.4,Bpos:94.5,Bstd:152.4,StrandBias:-0.0,Multiplicity:1.30
0.001	0.070	0.768	0.161
0.100	0.012	0.805	0.083
0.094	0.587	0.066	0.253
0.064	0.571	0.001	0.364
0.183	0.048	0.001	0.768
0.001	0.001	0.670	0.328
0.048	0.070	0.838	0.044
0.178	0.076	0.619	0.127
0.025	0.808	0.001	0.166
0.089	0.813	0.001	0.097
0.185	0.001	0.001	0.813
0.001	0.001	0.939	0.059
>ATTAASTAACTA	24-ATTAASTAACTA	14.488529	-10.825348	0	T:3.0(0.18%),B:0.9(0.00%),P:1e-4	Tpos:103.0,Tstd:14.9,Bpos:140.8,Bstd:25.8,StrandBias:1.0,Multiplicity:1.00
0.997	0.001	0.001	0.001
0.001	0.001	0.001	0.997
0.008	0.001	0.001	0.990
0.997	0.001	0.001	0.001
0.997	0.001	0.001	0.001
0.001	0.429	0.429	0.141
0.001	0.001	0.001	0.997
0.997	0.001	0.001	0.001
0.997	0.001	0.001	0.001
0.001	0.866	0.001	0.132
0.001	0.001	0.001	0.997
0.990	0.001	0.001	0.008
>WATWATAATWAT	25-WATWATAATWAT	8.639710	-3.029019	0	T:22.0(1.35%),B:298.8(0.91%),P:1e-1	Tpos:111.4,Tstd:58.6,Bpos:106.2,Bstd:80.5,StrandBias:0.0,Multiplicity:1.05
0.368	0.131	0.001	0.500
0.674	0.001	0.129	0.196
0.037	0.069	0.236	0.658
0.406	0.131	0.001	0.462
0.864	0.001	0.001	0.134
0.001	0.260	0.064	0.675
0.628	0.001	0.001	0.370
0.695	0.065	0.067	0.173
0.001	0.001	0.066	0.932
0.431	0.001	0.001	0.567
0.563	0.005	0.233	0.199
0.065	0.198	0.002	0.735
>TTATAAGT	1-TTATAAGT	8.236954	-37.700316	0	T:25.0(1.53%),B:50.1(0.15%),P:1e-16	Tpos:103.4,Tstd:78.2,Bpos:98.6,Bstd:116.0,StrandBias:0.1,Multiplicity:1.00
0.100	0.100	0.100	0.700
0.100	0.100	0.100	0.700
0.700	0.100	0.100	0.100
0.100	0.100	0.100	0.700
0.700	0.100	0.100	0.100
0.700	0.100	0.100	0.100
0.100	0.100	0.700	0.100
0.100	0.100	0.100	0.700
>RTCCAGTS	2-RTCCAGTS	8.605075	-37.481379	0	T:50.0(3.07%),B:234.7(0.72%),P:1e-16	Tpos:103.8,Tstd:67.4,Bpos:93.6,Bstd:107.9,StrandBias:0.3,Multiplicity:1.04
0.566	0.001	0.432	0.001
0.001	0.001	0.001	0.997
0.169	0.829	0.001	0.001
0.193	0.525	0.001	0.281
0.771	0.001	0.096	0.132
0.108	0.001	0.890	0.001
0.096	0.001	0.001	0.902
0.001	0.548	0.450	0.001
>AAGRCTGA	3-AAGRCTGA	4.854008	-36.602438	0	T:671.0(41.14%),B:10291.2(31.47%),P:1e-15	Tpos:97.9,Tstd:57.5,Bpos:101.3,Bstd:132.7,StrandBias:-0.2,Multiplicity:1.47
0.645	0.269	0.001	0.085
0.623	0.001	0.375	0.001
0.001	0.001	0.997	0.001
0.297	0.001	0.441	0.261
0.001	0.997	0.001	0.001
0.375	0.001	0.001	0.623
0.001	0.001	0.997	0.001
0.617	0.001	0.381	0.001
>TACWCTGC	4-TACWCTGC	5.334903	-35.382593	0	T:530.0(32.50%),B:7745.6(23.69%),P:1e-15	Tpos:102.7,Tstd:58.1,Bpos:98.8,Bstd:120.6,StrandBias:-0.3,Multiplicity:1.28
0.001	0.219	0.127	0.653
0.575	0.039	0.275	0.111
0.011	0.599	0.298	0.092
0.358	0.067	0.117	0.459
0.027	0.610	0.327	0.036
0.084	0.016	0.001	0.899
0.210	0.001	0.788	0.001
0.029	0.462	0.229	0.280
>YCTAAGGT	5-YCTAAGGT	7.155568	-33.682548	0	T:46.0(2.82%),B:221.6(0.68%),P:1e-14	Tpos:100.6,Tstd:61.4,Bpos:90.0,Bstd:80.0,StrandBias:-0.5,Multiplicity:1.00
0.001	0.504	0.032	0.463
0.099	0.621	0.001	0.279
0.183	0.001	0.001	0.815
0.871	0.001	0.004	0.124
0.723	0.001	0.007	0.269
0.006	0.001	0.714	0.279
0.026	0.273	0.700	0.001
0.129	0.230	0.099	0.542
>AGTGAATC	6-AGTGAATC	8.236954	-33.655330	0	T:27.0(1.66%),B:72.5(0.22%),P:1e-14	Tpos:101.1,Tstd:48.8,Bpos:91.3,Bstd:46.7,StrandBias:0.1,Multiplicity:1.00
0.700	0.100	0.100	0.100
0.100	0.100	0.700	0.100
0.100	0.100	0.100	0.700
0.100	0.100	0.700	0.100
0.700	0.100	0.100	0.100
0.700	0.100	0.100	0.100
0.100	0.100	0.100	0.700
0.100	0.700	0.100	0.100
>CCCTACTA	7-CCCTACTA	10.747739	-32.018468	0	T:33.0(2.02%),B:120.3(0.37%),P:1e-13	Tpos:109.5,Tstd:69.3,Bpos:81.6,Bstd:70.2,StrandBias:-0.6,Multiplicity:1.12
0.001	0.997	0.001	0.001
0.001	0.997	0.001	0.001
0.001	0.997	0.001	0.001
0.001	0.001	0.001	0.997
0.725	0.001	0.001	0.273
0.001	0.997	0.001	0.001
0.001	0.001	0.001	0.997
0.997	0.001	0.001	0.001
>TAGGCTAG	8-TAGGCTAG	5.058523	-31.070844	0	T:524.0(32.13%),B:7818.9(23.91%),P:1e-13	Tpos:105.1,Tstd:59.8,Bpos:97.9,Bstd:130.3,StrandBias:0.1,Multiplicity:1.53
0.079	0.116	0.045	0.760
0.714	0.036	0.126	0.124
0.049	0.077	0.824	0.050
0.104	0.107	0.643	0.146
0.109	0.706	0.122	0.063
0.098	0.071	0.031	0.800
0.699	0.071	0.098	0.132
0.054	0.061	0.855	0.030
>ACTAACGT	9-ACTAACGT	8.236954	-29.518095	0	T:27.0(1.66%),B:86.7(0.27%),P:1e-12	Tpos:95.7,Tstd:50.3,Bpos:75.0,Bstd:86.5,StrandBias:-0.3,Multiplicity:1.00
0.700	0.100	0.100	0.100
0.100	0.700	0.100	0.100
0.100	0.100	0.100	0.700
0.700	0.100	0.100	0.100
0.700	0.100	0.100	0.100
0.100	0.700	0.100	0.100
0.100	0.100	0.700	0.100
0.100	0.100	0.100	0.700
>TGTACACT	10-TGTACACT	4.913602	-28.315040	0	T:560.0(34.33%),B:8605.0(26.31%),P:1e-12	Tpos:102.8,Tstd:61.6,Bpos:99.2,Bstd:114.9,StrandBias:0.0,Multiplicity:1.24
0.112	0.072	0.055	0.761
0.096	0.132	0.727	0.045
0.110	0.073	0.075	0.742
0.771	0.089	0.078	0.062
0.033	0.808	0.061	0.098
0.595	0.099	0.205	0.101
0.046	0.831	0.106	0.017
0.081	0.127	0.018	0.774
>AGGCTAAG	11-AGGCTAAG	5.157535	-26.138895	0	T:563.0(34.52%),B:8766.1(26.81%),P:1e-11	Tpos:96.7,Tstd:54.5,Bpos:98.5,Bstd:138.3,StrandBias:0.0,Multiplicity:1.49
0.825	0.026	0.090	0.059
0.050	0.041	0.829	0.080
0.071	0.141	0.738	0.050
0.068	0.769	0.072	0.091
0.055	0.136	0.030	0.779
0.560	0.204	0.142	0.094
0.736	0.062	0.155	0.047
0.068	0.128	0.769	0.035
>TTACTTAT	12-TTACTTAT	8.236954	-25.494261	0	T:26.0(1.59%),B:95.6(0.29%),P:1e-11	Tpos:97.2,Tstd:51.1,Bpos:95.7,Bstd:85.5,StrandBias:0.3,Multiplicity:1.00
0.100	0.100	0.100	0.700
0.100	0.100	0.100	0.700
0.700	0.100	0.100	0.100
0.100	0.700	0.100	0.100
0.100	0.100	0.100	0.700
0.100	0.100	0.100	0.700
0.700	0.100	0.100	0.100
0.100	0.100	0.100	0.700
>ACCCAACG	13-ACCCAACG	6.101036	-23.770285	0	T:286.0(17.54%),B:3923.6(12.00%),P:1e-10	Tpos:98.3,Tstd:57.2,Bpos:99.6,Bstd:121.8,StrandBias:-0.3,Multiplicity:1.21
0.872	0.018	0.078	0.032
0.131	0.428	0.249	0.192
0.084	0.789	0.102	0.025
0.083	0.895	0.003	0.019
0.760	0.104	0.130	0.006
0.715	0.098	0.097	0.090
0.144	0.514	0.341	0.001
0.042	0.123	0.735	0.100
>ATTAATTA	14-ATTAATTA	10.810552	-22.087554	0	T:24.0(1.47%),B:95.4(0.29%),P:1e-9	Tpos:100.1,Tstd:11.3,Bpos:101.1,Bstd:93.8,StrandBias:0.2,Multiplicity:1.21
0.997	0.001	0.001	0.001
0.001	0.001	0.001	0.997
0.001	0.001	0.001	0.997
0.997	0.001	0.001	0.001
0.997	0.001	0.001	0.001
0.001	0.001	0.001	0.997
0.001	0.001	0.001	0.997
0.772	0.001	0.226	0.001
>CGATACTG	15-CGATACTG	8.236954	-20.441139	0	T:34.0(2.08%),B:198.7(0.61%),P:1e-8	Tpos:97.8,Tstd:68.1,Bpos:99.0,Bstd:101.4,StrandBias:-0.4,Multiplicity:1.03
0.100	0.700	0.100	0.100
0.100	0.100	0.700	0.100
0.700	0.100	0.100	0.100
0.100	0.100	0.100	0.700
0.700	0.100	0.100	0.100
0.100	0.700	0.100	0.100
0.100	0.100	0.100	0.700
0.100	0.100	0.700	0.100
>TAATTACT	16-TAATTACT	8.411710	-20.036741	0	T:33.0(2.02%),B:191.6(0.59%),P:1e-8	Tpos:99.6,Tstd:51.9,Bpos:95.3,Bstd:96.7,StrandBias:0.4,Multiplicity:1.00
0.001	0.001	0.147	0.851
0.997	0.001	0.001	0.001
0.500	0.178	0.001	0.321
0.192	0.001	0.308	0.499
0.001	0.001	0.001	0.997
0.966	0.001	0.032	0.001
0.148	0.543	0.001	0.308
0.001	0.001	0.032	0.966
>AGTCAAAA	17-AGTCAAAA	9.005754	-19.896481	0	T:39.0(2.39%),B:256.3(0.78%),P:1e-8	Tpos:105.0,Tstd:38.3,Bpos:104.3,Bstd:107.4,StrandBias:-0.2,Multiplicity:1.00
0.997	0.001	0.001	0.001
0.001	0.001	0.997	0.001
0.001	0.001	0.001	0.997
0.001	0.871	0.001	0.127
0.997	0.001	0.001	0.001
0.997	0.001	0.001	0.001
0.997	0.001	0.001	0.001
0.997	0.001	0.001	0.001
>GACTTAGC	18-GACTTAGC	8.266289	-17.830544	0	T:56.0(3.43%),B:486.1(1.49%),P:1e-7	Tpos:99.2,Tstd:55.4,Bpos:104.0,Bstd:89.4,StrandBias:0.1,Multiplicity:1.02
0.001	0.001	0.997	0.001
0.531	0.005	0.092	0.372
0.001	0.997	0.001	0.001
0.001	0.341	0.001	0.657
0.001	0.001	0.001	0.997
0.997	0.001	0.001	0.001
0.001	0.001	0.997	0.001
0.001	0.997	0.001	0.001
>CAACTCAA	19-CAACTCAA	7.840366	-17.652883	0	T:100.0(6.13%),B:1108.5(3.39%),P:1e-7	Tpos:100.0,Tstd:50.3,Bpos:103.6,Bstd:109.3,StrandBias:0.3,Multiplicity:1.20
0.001	0.997	0.001	0.001
0.997	0.001	0.001	0.001
0.997	0.001	0.001	0.001
0.001	0.780	0.009	0.210
0.188	0.001	0.001	0.810
0.001	0.997	0.001	0.001
0.997	0.001	0.001	0.001
0.997	0.001	0.001	0.001
>CGGATGAG	20-CGGATGAG	8.139795	-16.137897	0	T:44.0(2.70%),B:357.4(1.09%),P:1e-7	Tpos:88.6,Tstd:57.1,Bpos:103.3,Bstd:94.3,StrandBias:-1.0,Multiplicity:1.00
0.001	0.997	0.001	0.001
0.001	0.001	0.997	0.001
0.001	0.001	0.800	0.198
0.997	0.001	0.001	0.001
0.001	0.001	0.001	0.997
0.001	0.001	0.997	0.001
0.997	0.001	0.001	0.001
0.001	0.269	0.729	0.001
>CATTATTT	21-CATTATTT	8.236954	-15.258016	0	T:29.0(1.78%),B:190.1(0.58%),P:1e-6	Tpos:100.5,Tstd:42.6,Bpos:87.6,Bstd:96.6,StrandBias:-0.1,Multiplicity:1.00
0.100	0.700	0.100	0.100
0.700	0.100	0.100	0.100
0.100	0.100	0.100	0.700
0.100	0.100	0.100	0.700
0.700	0.100	0.100	0.100
0.100	0.100	0.100	0.700
0.100	0.100	0.100	0.700
0.100	0.100	0.100	0.700
>ACACACAC	22-ACACACAC	7.751771	-13.932978	0	T:139.0(8.52%),B:1827.2(5.59%),P:1e-6	Tpos:91.9,Tstd:58.0,Bpos:98.5,Bstd:121.3,StrandBias:0.2,Multiplicity:1.24
0.997	0.001	0.001	0.001
0.001	0.997	0.001	0.001
0.960	0.001	0.001	0.038
0.001	0.899	0.001	0.099
0.950	0.001	0.001	0.048
0.057	0.867	0.001	0.075
0.997	0.001	0.001	0.001
0.001	0.997	0.001	0.001
>HGAGASAG	23-HGAGASAG	6.299562	-11.102096	0	T:200.0(12.26%),B:2984.7(9.13%),P:1e-4	Tpos:104.0,Tstd:57.3,Bpos:97.5,Bstd:119.0,StrandBias:-0.4,Multiplicity:1.10
0.290	0.370	0.100	0.240
0.241	0.134	0.620	0.005
0.855	0.001	0.094	0.050
0.002	0.069	0.863	0.066
0.604	0.255	0.038	0.103
0.248	0.301	0.425	0.026
0.766	0.043	0.181	0.010
0.167	0.086	0.642	0.105
>CTAGCTCT	24-CTAGCTCT	8.236954	-9.287137	0	T:34.0(2.08%),B:330.3(1.01%),P:1e-4	Tpos:103.1,Tstd:44.4,Bpos:100.1,Bstd:122.1,StrandBias:1.0,Multiplicity:1.40
0.100	0.700	0.100	0.100
0.100	0.100	0.100	0.700
0.700	0.100	0.100	0.100
0.100	0.100	0.700	0.100
0.100	0.700	0.100	0.100
0.100	0.100	0.100	0.700
0.100	0.700	0.100	0.100
0.100	0.100	0.100	0.700
>ATTATTAT	25-ATTATTAT	8.981849	-0.243110	0	T:14.0(0.86%),B:336.8(1.03%),P:1e0	Tpos:112.0,Tstd:59.6,Bpos:109.7,Bstd:109.0,StrandBias:0.0,Multiplicity:1.23
0.997	0.001	0.001	0.001
0.001	0.001	0.001	0.997
0.124	0.001	0.001	0.874
0.997	0.001	0.001	0.001
0.001	0.001	0.001	0.997
0.001	0.001	0.001	0.997
0.997	0.001	0.001	0.001
0.001	0.001	0.001	0.997
