>CAATTATAAG	1-CAATTATAAG	10.296193	-104.871854	0	T:23.0(1.41%),B:2.4(0.01%),P:1e-45	Tpos:105.8,Tstd:82.0,Bpos:104.3,Bstd:14.9,StrandBias:0.1,Multiplicity:1.00
0.100	0.700	0.100	0.100
0.700	0.100	0.100	0.100
0.700	0.100	0.100	0.100
0.100	0.100	0.100	0.700
0.100	0.100	0.100	0.700
0.700	0.100	0.100	0.100
0.100	0.100	0.100	0.700
0.700	0.100	0.100	0.100
0.700	0.100	0.100	0.100
0.100	0.100	0.700	0.100
>TCTAGTGAAT	2-TCTAGTGAAT	10.296193	-79.792238	0	T:23.0(1.41%),B:6.4(0.02%),P:1e-34	Tpos:102.7,Tstd:46.1,Bpos:71.7,Bstd:50.3,StrandBias:0.1,Multiplicity:1.00
0.100	0.100	0.100	0.700
0.100	0.700	0.100	0.100
0.100	0.100	0.100	0.700
0.700	0.100	0.100	0.100
0.100	0.100	0.700	0.100
0.100	0.100	0.100	0.700
0.100	0.100	0.700	0.100
0.700	0.100	0.100	0.100
0.700	0.100	0.100	0.100
0.100	0.100	0.100	0.700
>TAATTAATCC	3-TAATTAATCC	10.617026	-71.125598	0	T:21.0(1.29%),B:6.5(0.02%),P:1e-30	Tpos:96.7,Tstd:12.0,Bpos:86.5,Bstd:31.8,StrandBias:-0.1,Multiplicity:1.00
0.001	0.001	0.001	0.997
0.997	0.001	0.001	0.001
0.997	0.001	0.001	0.001
0.001	0.040	0.001	0.958
0.001	0.001	0.001	0.997
0.997	0.001	0.001	0.001
0.997	0.001	0.001	0.001
0.001	0.001	0.001	0.997
0.001	0.997	0.001	0.001
0.001	0.997	0.001	0.001
>AGTATTTACT	4-AGTATTTACT	13.629077	-66.086641	0	T:23.0(1.41%),B:11.5(0.04%),P:1e-28	Tpos:102.0,Tstd:55.3,Bpos:77.2,Bstd:52.8,StrandBias:-0.1,Multiplicity:1.00
0.997	0.001	0.001	0.001
0.058	0.001	0.940	0.001
0.001	0.001	0.001	0.997
0.997	0.001	0.001	0.001
0.001	0.058	0.001	0.940
0.001	0.001	0.001	0.997
0.001	0.001	0.001	0.997
0.997	0.001	0.001	0.001
0.001	0.955	0.043	0.001
0.001	0.043	0.001	0.955
>TCAAGTCAGA	5-TCAAGTCAGA	13.318387	-62.336631	0	T:22.0(1.35%),B:11.3(0.03%),P:1e-27	Tpos:105.1,Tstd:75.3,Bpos:91.0,Bstd:77.5,StrandBias:0.0,Multiplicity:1.00
0.001	0.001	0.001	0.997
0.001	0.997	0.001	0.001
0.997	0.001	0.001	0.001
0.997	0.001	0.001	0.001
0.001	0.001	0.997	0.001
0.001	0.001	0.001	0.997
0.001	0.997	0.001	0.001
0.997	0.001	0.001	0.001
0.402	0.001	0.596	0.001
0.997	0.001	0.001	0.001
>AACCAAGGAG	6-AACCAAGGAG	10.296193	-62.336631	0	T:22.0(1.35%),B:11.1(0.03%),P:1e-27	Tpos:105.1,Tstd:65.0,Bpos:75.2,Bstd:37.2,StrandBias:0.0,Multiplicity:1.00
0.700	0.100	0.100	0.100
0.700	0.100	0.100	0.100
0.100	0.700	0.100	0.100
0.100	0.700	0.100	0.100
0.700	0.100	0.100	0.100
0.700	0.100	0.100	0.100
0.100	0.100	0.700	0.100
0.100	0.100	0.700	0.100
0.700	0.100	0.100	0.100
0.100	0.100	0.700	0.100
>CCCTACTACC	7-CCCTACTACC	10.367909	-60.833334	0	T:33.0(2.02%),B:45.9(0.14%),P:1e-26	Tpos:97.5,Tstd:67.9,Bpos:73.8,Bstd:53.2,StrandBias:0.1,Multiplicity:1.00
0.001	0.997	0.001	0.001
0.001	0.997	0.001	0.001
0.001	0.997	0.001	0.001
0.001	0.056	0.001	0.942
0.997	0.001	0.001	0.001
0.001	0.997	0.001	0.001
0.001	0.001	0.033	0.965
0.997	0.001	0.001	0.001
0.001	0.997	0.001	0.001
0.001	0.997	0.001	0.001
>GTCAAAATGG	8-GTCAAAATGG	10.296193	-55.084061	0	T:19.0(1.16%),B:9.2(0.03%),P:1e-23	Tpos:99.8,Tstd:16.3,Bpos:102.0,Bstd:27.8,StrandBias:0.2,Multiplicity:1.00
0.100	0.100	0.700	0.100
0.100	0.100	0.100	0.700
0.100	0.700	0.100	0.100
0.700	0.100	0.100	0.100
0.700	0.100	0.100	0.100
0.700	0.100	0.100	0.100
0.700	0.100	0.100	0.100
0.100	0.100	0.100	0.700
0.100	0.100	0.700	0.100
0.100	0.100	0.700	0.100
>AATTGAATTG	9-AATTGAATTG	12.923990	-52.020684	0	T:25.0(1.53%),B:27.8(0.08%),P:1e-22	Tpos:100.5,Tstd:26.3,Bpos:135.9,Bstd:83.9,StrandBias:-0.5,Multiplicity:1.16
0.997	0.001	0.001	0.001
0.960	0.001	0.038	0.001
0.001	0.001	0.038	0.960
0.125	0.001	0.001	0.873
0.001	0.217	0.781	0.001
0.997	0.001	0.001	0.001
0.921	0.001	0.039	0.039
0.001	0.001	0.001	0.997
0.125	0.001	0.001	0.873
0.217	0.001	0.781	0.001
>TTTCTACTAA	10-TTTCTACTAA	10.953498	-49.941971	0	T:24.0(1.47%),B:26.8(0.08%),P:1e-21	Tpos:112.0,Tstd:48.0,Bpos:62.7,Bstd:73.1,StrandBias:-0.5,Multiplicity:1.00
0.056	0.001	0.001	0.942
0.001	0.001	0.001	0.997
0.001	0.001	0.001	0.997
0.001	0.997	0.001	0.001
0.001	0.001	0.001	0.997
0.997	0.001	0.001	0.001
0.001	0.997	0.001	0.001
0.001	0.001	0.001	0.997
0.997	0.001	0.001	0.001
0.997	0.001	0.001	0.001
>ARSVYAASSC	11-ARSVYAASSC	4.960248	-49.936729	0	T:767.0(47.03%),B:11553.5(35.33%),P:1e-21	Tpos:103.5,Tstd:54.8,Bpos:101.4,Bstd:131.2,StrandBias:-0.2,Multiplicity:1.63
0.800	0.050	0.027	0.123
0.431	0.065	0.491	0.012
0.059	0.415	0.496	0.030
0.313	0.343	0.330	0.013
0.160	0.469	0.035	0.336
0.777	0.073	0.032	0.118
0.563	0.034	0.357	0.046
0.209	0.327	0.416	0.047
0.163	0.393	0.428	0.016
0.066	0.540	0.305	0.089
>AACAGCTTCA	12-AACAGCTTCA	11.938782	-45.823656	0	T:29.0(1.78%),B:53.5(0.16%),P:1e-19	Tpos:101.9,Tstd:32.0,Bpos:107.5,Bstd:82.7,StrandBias:-0.3,Multiplicity:1.00
0.997	0.001	0.001	0.001
0.997	0.001	0.001	0.001
0.001	0.848	0.001	0.150
0.997	0.001	0.001	0.001
0.001	0.001	0.997	0.001
0.001	0.997	0.001	0.001
0.001	0.001	0.001	0.997
0.001	0.001	0.001	0.997
0.001	0.997	0.001	0.001
0.997	0.001	0.001	0.001
>CTACGACAYT	13-CTACGACAYT	9.655401	-43.995680	0	T:25.0(1.53%),B:38.1(0.12%),P:1e-19	Tpos:107.4,Tstd:35.9,Bpos:67.9,Bstd:82.2,StrandBias:-0.1,Multiplicity:1.00
0.001	0.997	0.001	0.001
0.046	0.001	0.001	0.952
0.997	0.001	0.001	0.001
0.001	0.997	0.001	0.001
0.001	0.001	0.997	0.001
0.630	0.001	0.001	0.368
0.001	0.997	0.001	0.001
0.996	0.001	0.002	0.001
0.001	0.473	0.001	0.525
0.001	0.001	0.001	0.997
>GATACTGAGG	14-GATACTGAGG	10.075304	-42.041565	0	T:26.0(1.59%),B:46.4(0.14%),P:1e-18	Tpos:105.0,Tstd:72.7,Bpos:77.5,Bstd:56.6,StrandBias:-0.4,Multiplicity:1.00
0.070	0.001	0.928	0.001
0.997	0.001	0.001	0.001
0.001	0.001	0.001	0.997
0.997	0.001	0.001	0.001
0.001	0.997	0.001	0.001
0.001	0.001	0.001	0.997
0.001	0.001	0.997	0.001
0.997	0.001	0.001	0.001
0.025	0.001	0.973	0.001
0.001	0.001	0.997	0.001
>TAGACTAGAC	15-TAGACTAGAC	4.729770	-36.751938	0	T:530.0(32.50%),B:7690.5(23.52%),P:1e-15	Tpos:103.9,Tstd:59.9,Bpos:99.1,Bstd:118.4,StrandBias:-0.2,Multiplicity:1.60
0.091	0.097	0.098	0.714
0.722	0.078	0.113	0.087
0.075	0.121	0.721	0.083
0.682	0.104	0.102	0.112
0.112	0.716	0.094	0.078
0.076	0.096	0.099	0.729
0.607	0.100	0.180	0.113
0.089	0.104	0.707	0.100
0.720	0.079	0.109	0.092
0.098	0.686	0.104	0.112
>AGACTAGACT	16-AGACTAGACT	4.540382	-36.440011	0	T:835.0(51.20%),B:13446.3(41.12%),P:1e-15	Tpos:100.5,Tstd:57.5,Bpos:99.5,Bstd:115.9,StrandBias:0.2,Multiplicity:1.25
0.760	0.067	0.131	0.042
0.076	0.137	0.668	0.119
0.778	0.119	0.063	0.040
0.092	0.698	0.162	0.048
0.128	0.188	0.111	0.573
0.704	0.138	0.069	0.089
0.079	0.119	0.675	0.127
0.729	0.123	0.119	0.029
0.136	0.649	0.096	0.119
0.095	0.097	0.038	0.770
>CACTGTTCAG	17-CACTGTTCAG	4.745769	-28.789998	0	T:419.0(25.69%),B:6033.0(18.45%),P:1e-12	Tpos:96.1,Tstd:57.7,Bpos:101.3,Bstd:116.1,StrandBias:0.1,Multiplicity:1.17
0.145	0.598	0.118	0.139
0.591	0.114	0.139	0.156
0.124	0.612	0.143	0.121
0.146	0.119	0.102	0.633
0.086	0.142	0.668	0.104
0.116	0.170	0.145	0.569
0.164	0.145	0.156	0.535
0.092	0.631	0.156	0.121
0.590	0.110	0.109	0.191
0.149	0.135	0.576	0.140
>ACGTATGACA	18-ACGTATGACA	11.428380	-22.400951	0	T:13.0(0.80%),B:22.8(0.07%),P:1e-9	Tpos:93.9,Tstd:53.4,Bpos:78.6,Bstd:66.0,StrandBias:-0.7,Multiplicity:1.00
0.997	0.001	0.001	0.001
0.001	0.916	0.001	0.082
0.001	0.001	0.997	0.001
0.001	0.001	0.001	0.997
0.997	0.001	0.001	0.001
0.001	0.001	0.001	0.997
0.001	0.001	0.997	0.001
0.900	0.001	0.001	0.098
0.001	0.997	0.001	0.001
0.997	0.001	0.001	0.001
>TTAAAGGCAA	19-TTAAAGGCAA	11.059830	-20.127399	0	T:15.0(0.92%),B:38.5(0.12%),P:1e-8	Tpos:97.1,Tstd:36.3,Bpos:86.1,Bstd:48.5,StrandBias:-0.2,Multiplicity:1.00
0.001	0.001	0.001	0.997
0.001	0.001	0.001	0.997
0.904	0.001	0.094	0.001
0.997	0.001	0.001	0.001
0.997	0.001	0.001	0.001
0.001	0.001	0.997	0.001
0.001	0.001	0.997	0.001
0.001	0.878	0.001	0.120
0.997	0.001	0.001	0.001
0.920	0.001	0.078	0.001
>CTGTCTGTCT	20-CTGTCTGTCT	7.684235	-18.861237	0	T:109.0(6.68%),B:1214.2(3.71%),P:1e-8	Tpos:95.6,Tstd:53.8,Bpos:92.1,Bstd:124.6,StrandBias:0.4,Multiplicity:1.08
0.234	0.514	0.187	0.065
0.113	0.001	0.231	0.655
0.027	0.339	0.633	0.001
0.346	0.108	0.009	0.537
0.001	0.997	0.001	0.001
0.276	0.079	0.001	0.644
0.001	0.153	0.845	0.001
0.188	0.135	0.028	0.649
0.067	0.806	0.050	0.077
0.058	0.001	0.001	0.940
>CACACACACA	21-CACACACACA	8.198948	-11.871623	0	T:63.0(3.86%),B:693.0(2.12%),P:1e-5	Tpos:92.9,Tstd:59.0,Bpos:97.3,Bstd:126.6,StrandBias:0.3,Multiplicity:1.25
0.001	0.997	0.001	0.001
0.997	0.001	0.001	0.001
0.001	0.997	0.001	0.001
0.997	0.001	0.001	0.001
0.001	0.872	0.056	0.071
0.958	0.001	0.001	0.040
0.001	0.941	0.001	0.057
0.997	0.001	0.001	0.001
0.001	0.951	0.001	0.047
0.955	0.043	0.001	0.001
>TATTATTATT	22-TATTATTATT	9.607485	-7.329414	0	T:19.0(1.16%),B:161.2(0.49%),P:1e-3	Tpos:100.5,Tstd:57.7,Bpos:100.3,Bstd:96.9,StrandBias:0.6,Multiplicity:1.44
0.001	0.001	0.001	0.997
0.997	0.001	0.001	0.001
0.001	0.001	0.001	0.997
0.001	0.094	0.001	0.904
0.782	0.001	0.001	0.216
0.001	0.001	0.025	0.973
0.001	0.001	0.001	0.997
0.977	0.021	0.001	0.001
0.001	0.001	0.001	0.997
0.001	0.001	0.001	0.997
>ACTTAGTTTA	23-ACTTAGTTTA	10.072513	-6.841554	0	T:10.0(0.61%),B:60.5(0.19%),P:1e-2	Tpos:104.2,Tstd:41.5,Bpos:93.3,Bstd:83.3,StrandBias:-0.6,Multiplicity:1.11
0.997	0.001	0.001	0.001
0.180	0.663	0.156	0.001
0.001	0.001	0.001	0.997
0.001	0.001	0.001	0.997
0.997	0.001	0.001	0.001
0.334	0.001	0.664	0.001
0.001	0.001	0.001	0.997
0.155	0.001	0.001	0.843
0.328	0.001	0.001	0.670
0.997	0.001	0.001	0.001
>TAATAATTAT	24-TAATAATTAT	12.285939	-4.553823	0	T:5.0(0.31%),B:26.1(0.08%),P:1e-1	Tpos:134.7,Tstd:59.5,Bpos:82.1,Bstd:52.9,StrandBias:-0.3,Multiplicity:1.20
0.001	0.001	0.001	0.997
0.905	0.001	0.001	0.093
0.997	0.001	0.001	0.001
0.001	0.001	0.001	0.997
0.602	0.001	0.001	0.396
0.910	0.001	0.001	0.088
0.001	0.001	0.001	0.997
0.001	0.047	0.307	0.645
0.997	0.001	0.001	0.001
0.001	0.001	0.001	0.997
>ATTATTATAA	25-ATTATTATAA	13.137214	-1.352221	0	T:1.0(0.06%),B:6.2(0.02%),P:1e0	Tpos:114.0,Tstd:0.0,Bpos:98.0,Bstd:24.0,StrandBias:-10.0,Multiplicity:1.00
0.997	0.001	0.001	0.001
0.001	0.001	0.001	0.997
0.023	0.135	0.001	0.841
0.997	0.001	0.001	0.001
0.001	0.001	0.001	0.997
0.317	0.001	0.001	0.681
0.997	0.001	0.001	0.001
0.001	0.001	0.001	0.997
0.863	0.001	0.001	0.135
0.997	0.001	0.001	0.001
