>AAGTCAAGTCAG	1-AAGTCAAGTCAG	12.355432	-114.619830	0	T:22.0(1.35%),B:1.6(0.00%),P:1e-49	Tpos:105.1,Tstd:77.0,Bpos:57.8,Bstd:24.7,StrandBias:0.0,Multiplicity:1.00
0.700	0.100	0.100	0.100
0.700	0.100	0.100	0.100
0.100	0.100	0.700	0.100
0.100	0.100	0.100	0.700
0.100	0.700	0.100	0.100
0.700	0.100	0.100	0.100
0.700	0.100	0.100	0.100
0.100	0.100	0.700	0.100
0.100	0.100	0.100	0.700
0.100	0.700	0.100	0.100
0.700	0.100	0.100	0.100
0.100	0.100	0.700	0.100
>CCAAGGAGAACA	2-CCAAGGAGAACA	12.355432	-104.871854	0	T:23.0(1.41%),B:2.3(0.01%),P:1e-45	Tpos:101.5,Tstd:63.7,Bpos:70.9,Bstd:18.1,StrandBias:0.1,Multiplicity:1.00
0.100	0.700	0.100	0.100
0.100	0.700	0.100	0.100
0.700	0.100	0.100	0.100
0.700	0.100	0.100	0.100
0.100	0.100	0.700	0.100
0.100	0.100	0.700	0.100
0.700	0.100	0.100	0.100
0.100	0.100	0.700	0.100
0.700	0.100	0.100	0.100
0.700	0.100	0.100	0.100
0.100	0.700	0.100	0.100
0.700	0.100	0.100	0.100
>ACAGTAAATACT	3-ACAGTAAATACT	12.355432	-104.871854	0	T:23.0(1.41%),B:2.3(0.01%),P:1e-45	Tpos:102.0,Tstd:55.3,Bpos:119.7,Bstd:34.0,StrandBias:0.1,Multiplicity:1.00
0.700	0.100	0.100	0.100
0.100	0.700	0.100	0.100
0.700	0.100	0.100	0.100
0.100	0.100	0.700	0.100
0.100	0.100	0.100	0.700
0.700	0.100	0.100	0.100
0.700	0.100	0.100	0.100
0.700	0.100	0.100	0.100
0.100	0.100	0.100	0.700
0.700	0.100	0.100	0.100
0.100	0.700	0.100	0.100
0.100	0.100	0.100	0.700
>TACTTATCTAGT	4-TACTTATCTAGT	12.355432	-104.871854	0	T:23.0(1.41%),B:2.2(0.01%),P:1e-45	Tpos:102.5,Tstd:48.4,Bpos:120.0,Bstd:30.9,StrandBias:0.1,Multiplicity:1.00
0.100	0.100	0.100	0.700
0.700	0.100	0.100	0.100
0.100	0.700	0.100	0.100
0.100	0.100	0.100	0.700
0.100	0.100	0.100	0.700
0.700	0.100	0.100	0.100
0.100	0.100	0.100	0.700
0.100	0.700	0.100	0.100
0.100	0.100	0.100	0.700
0.700	0.100	0.100	0.100
0.100	0.100	0.700	0.100
0.100	0.100	0.100	0.700
>CCAACAGCTTCA	5-CCAACAGCTTCA	13.319428	-75.436407	0	T:22.0(1.35%),B:6.9(0.02%),P:1e-32	Tpos:95.1,Tstd:13.5,Bpos:108.6,Bstd:37.7,StrandBias:0.0,Multiplicity:1.00
0.001	0.997	0.001	0.001
0.001	0.997	0.001	0.001
0.997	0.001	0.001	0.001
0.997	0.001	0.001	0.001
0.001	0.997	0.001	0.001
0.997	0.001	0.001	0.001
0.001	0.001	0.997	0.001
0.001	0.997	0.001	0.001
0.001	0.001	0.001	0.997
0.001	0.001	0.001	0.997
0.001	0.959	0.039	0.001
0.959	0.001	0.001	0.039
>CAATYCAATTGT	6-CAATYCAATTGT	10.643634	-66.086641	0	T:23.0(1.41%),B:11.7(0.04%),P:1e-28	Tpos:101.3,Tstd:82.3,Bpos:156.8,Bstd:68.0,StrandBias:-0.2,Multiplicity:1.13
0.051	0.569	0.052	0.328
0.542	0.097	0.001	0.360
0.691	0.103	0.205	0.001
0.001	0.229	0.001	0.769
0.104	0.405	0.078	0.413
0.051	0.638	0.310	0.001
0.896	0.051	0.001	0.052
0.794	0.002	0.102	0.102
0.001	0.026	0.129	0.844
0.052	0.154	0.078	0.716
0.308	0.150	0.464	0.078
0.077	0.226	0.026	0.671
>GATTTCTAATAA	7-GATTTCTAATAA	11.867384	-60.428203	0	T:25.0(1.53%),B:19.5(0.06%),P:1e-26	Tpos:106.8,Tstd:46.5,Bpos:51.9,Bstd:64.3,StrandBias:-0.1,Multiplicity:1.00
0.190	0.001	0.751	0.058
0.997	0.001	0.001	0.001
0.001	0.001	0.001	0.997
0.001	0.001	0.001	0.997
0.001	0.001	0.186	0.812
0.001	0.997	0.001	0.001
0.001	0.001	0.001	0.997
0.997	0.001	0.001	0.001
0.751	0.247	0.001	0.001
0.001	0.001	0.001	0.997
0.997	0.001	0.001	0.001
0.997	0.001	0.001	0.001
>TTGKTARTAGAG	8-TTGKTARTAGAG	8.684000	-58.845767	0	T:33.0(2.02%),B:48.8(0.15%),P:1e-25	Tpos:94.5,Tstd:66.5,Bpos:68.6,Bstd:50.8,StrandBias:0.1,Multiplicity:1.00
0.001	0.001	0.001	0.997
0.001	0.138	0.001	0.860
0.001	0.001	0.997	0.001
0.001	0.001	0.570	0.428
0.001	0.001	0.001	0.997
0.996	0.001	0.002	0.001
0.428	0.001	0.570	0.001
0.001	0.001	0.001	0.997
0.997	0.001	0.001	0.001
0.001	0.001	0.997	0.001
0.857	0.001	0.141	0.001
0.001	0.001	0.997	0.001
>GMATCCAACRAC	9-GMATCCAACRAC	9.962216	-58.390339	0	T:24.0(1.47%),B:18.5(0.06%),P:1e-25	Tpos:106.3,Tstd:35.6,Bpos:100.2,Bstd:51.8,StrandBias:0.1,Multiplicity:1.83
0.063	0.331	0.496	0.110
0.467	0.375	0.094	0.064
0.599	0.091	0.247	0.063
0.198	0.079	0.031	0.692
0.315	0.467	0.174	0.044
0.032	0.889	0.016	0.063
0.873	0.001	0.001	0.125
0.811	0.047	0.141	0.001
0.126	0.573	0.001	0.300
0.448	0.142	0.378	0.031
0.621	0.016	0.142	0.221
0.063	0.488	0.167	0.281
>SRATTAATTAAT	10-SRATTAATTAAT	15.128510	-55.217385	0	T:21.0(1.29%),B:13.9(0.04%),P:1e-23	Tpos:98.8,Tstd:8.6,Bpos:86.7,Bstd:28.5,StrandBias:0.1,Multiplicity:1.00
0.018	0.407	0.438	0.137
0.561	0.001	0.437	0.001
0.997	0.001	0.001	0.001
0.001	0.001	0.001	0.997
0.001	0.001	0.001	0.997
0.997	0.001	0.001	0.001
0.997	0.001	0.001	0.001
0.001	0.001	0.001	0.997
0.001	0.001	0.001	0.997
0.997	0.001	0.001	0.001
0.997	0.001	0.001	0.001
0.001	0.001	0.001	0.997
>WGYACTGYNSTR	11-WGYACTGYNSTR	5.193267	-54.375298	0	T:413.0(25.32%),B:5091.5(15.57%),P:1e-23	Tpos:102.7,Tstd:58.3,Bpos:100.3,Bstd:118.2,StrandBias:-0.0,Multiplicity:1.19
0.343	0.056	0.129	0.472
0.317	0.013	0.593	0.077
0.039	0.409	0.137	0.415
0.484	0.200	0.137	0.178
0.108	0.465	0.288	0.139
0.187	0.209	0.066	0.538
0.341	0.112	0.510	0.037
0.009	0.512	0.004	0.475
0.305	0.168	0.276	0.251
0.008	0.430	0.426	0.136
0.180	0.220	0.004	0.596
0.334	0.087	0.407	0.172
>CGCCCCTTCTAA	12-CGCCCCTTCTAA	12.128474	-53.234223	0	T:26.0(1.59%),B:30.0(0.09%),P:1e-23	Tpos:98.9,Tstd:54.0,Bpos:47.3,Bstd:39.4,StrandBias:0.0,Multiplicity:1.00
0.299	0.699	0.001	0.001
0.001	0.001	0.997	0.001
0.001	0.902	0.001	0.096
0.001	0.997	0.001	0.001
0.001	0.699	0.001	0.299
0.001	0.699	0.001	0.299
0.001	0.001	0.299	0.699
0.001	0.001	0.299	0.699
0.001	0.997	0.001	0.001
0.001	0.001	0.001	0.997
0.997	0.001	0.001	0.001
0.699	0.299	0.001	0.001
>AGCCTAGGCTAG	13-AGCCTAGGCTAG	5.045555	-46.180296	0	T:592.0(36.30%),B:8450.2(25.84%),P:1e-20	Tpos:103.8,Tstd:57.0,Bpos:102.0,Bstd:143.9,StrandBias:-0.1,Multiplicity:1.66
0.713	0.045	0.118	0.124
0.115	0.091	0.726	0.068
0.117	0.631	0.141	0.111
0.125	0.667	0.105	0.103
0.157	0.135	0.094	0.614
0.658	0.061	0.139	0.142
0.137	0.072	0.706	0.085
0.137	0.099	0.660	0.104
0.101	0.706	0.104	0.089
0.117	0.133	0.053	0.697
0.580	0.103	0.144	0.173
0.138	0.123	0.642	0.097
>GTCCAATCCACT	14-GTCCAATCCACT	8.953864	-43.148865	0	T:34.0(2.08%),B:87.6(0.27%),P:1e-18	Tpos:100.7,Tstd:71.6,Bpos:97.9,Bstd:86.9,StrandBias:0.4,Multiplicity:1.00
0.215	0.001	0.783	0.001
0.001	0.001	0.001	0.997
0.001	0.997	0.001	0.001
0.001	0.997	0.001	0.001
0.997	0.001	0.001	0.001
0.784	0.001	0.201	0.014
0.001	0.001	0.001	0.997
0.001	0.997	0.001	0.001
0.001	0.997	0.001	0.001
0.980	0.001	0.001	0.018
0.212	0.755	0.032	0.001
0.001	0.196	0.001	0.802
>TAGGCTAGGCTA	15-TAGGCTAGGCTA	4.625169	-37.098093	0	T:711.0(43.59%),B:11024.4(33.71%),P:1e-16	Tpos:97.2,Tstd:55.8,Bpos:98.5,Bstd:117.0,StrandBias:0.0,Multiplicity:1.19
0.118	0.118	0.096	0.668
0.566	0.129	0.139	0.166
0.097	0.099	0.683	0.121
0.093	0.014	0.782	0.111
0.087	0.660	0.125	0.128
0.166	0.111	0.114	0.609
0.613	0.101	0.133	0.153
0.096	0.113	0.650	0.141
0.115	0.036	0.754	0.095
0.126	0.673	0.116	0.085
0.123	0.125	0.100	0.652
0.691	0.085	0.122	0.102
>CATCCACGGATG	16-CATCCACGGATG	9.119627	-29.212889	0	T:17.0(1.04%),B:28.7(0.09%),P:1e-12	Tpos:88.7,Tstd:54.1,Bpos:83.6,Bstd:79.4,StrandBias:-0.2,Multiplicity:1.00
0.001	0.997	0.001	0.001
0.997	0.001	0.001	0.001
0.187	0.001	0.059	0.753
0.247	0.751	0.001	0.001
0.001	0.997	0.001	0.001
0.810	0.188	0.001	0.001
0.001	0.997	0.001	0.001
0.001	0.001	0.997	0.001
0.001	0.001	0.940	0.058
0.997	0.001	0.001	0.001
0.001	0.001	0.001	0.997
0.001	0.186	0.812	0.001
>GGCTAGGCTAGG	17-GGCTAGGCTAGG	4.740945	-26.200716	0	T:704.0(43.16%),B:11427.6(34.95%),P:1e-11	Tpos:98.2,Tstd:56.0,Bpos:98.7,Bstd:137.6,StrandBias:0.0,Multiplicity:1.18
0.125	0.076	0.703	0.096
0.091	0.054	0.768	0.087
0.095	0.648	0.135	0.122
0.163	0.109	0.152	0.576
0.599	0.109	0.155	0.137
0.093	0.099	0.666	0.142
0.117	0.077	0.685	0.121
0.152	0.611	0.119	0.118
0.144	0.151	0.145	0.560
0.618	0.063	0.161	0.158
0.085	0.056	0.792	0.067
0.056	0.055	0.820	0.069
>TGTSTGTSWSTC	18-TGTSTGTSWSTC	6.189405	-23.335203	0	T:302.0(18.52%),B:4213.9(12.89%),P:1e-10	Tpos:100.0,Tstd:55.4,Bpos:99.9,Bstd:122.4,StrandBias:-0.0,Multiplicity:1.17
0.119	0.001	0.232	0.648
0.167	0.159	0.673	0.001
0.101	0.130	0.001	0.768
0.137	0.360	0.434	0.069
0.058	0.031	0.001	0.910
0.090	0.206	0.676	0.028
0.161	0.068	0.046	0.725
0.045	0.452	0.378	0.125
0.457	0.080	0.091	0.371
0.112	0.454	0.433	0.001
0.151	0.123	0.043	0.683
0.197	0.496	0.302	0.005
>GMRTGVRTGMGW	19-GMRTGVRTGMGW	7.072975	-22.146027	0	T:91.0(5.58%),B:886.4(2.71%),P:1e-9	Tpos:90.1,Tstd:55.5,Bpos:96.5,Bstd:104.2,StrandBias:0.3,Multiplicity:1.05
0.001	0.001	0.997	0.001
0.515	0.397	0.001	0.087
0.308	0.042	0.447	0.203
0.119	0.001	0.001	0.879
0.001	0.105	0.583	0.311
0.228	0.377	0.303	0.093
0.439	0.009	0.364	0.188
0.048	0.147	0.206	0.599
0.190	0.162	0.632	0.016
0.376	0.485	0.001	0.137
0.001	0.214	0.596	0.189
0.284	0.216	0.126	0.374
>TTTTCAAAGGAT	20-TTTTCAAAGGAT	12.355432	-20.503601	0	T:6.0(0.37%),B:2.5(0.01%),P:1e-8	Tpos:114.7,Tstd:23.5,Bpos:73.7,Bstd:35.4,StrandBias:0.0,Multiplicity:1.00
0.100	0.100	0.100	0.700
0.100	0.100	0.100	0.700
0.100	0.100	0.100	0.700
0.100	0.100	0.100	0.700
0.100	0.700	0.100	0.100
0.700	0.100	0.100	0.100
0.700	0.100	0.100	0.100
0.700	0.100	0.100	0.100
0.100	0.100	0.700	0.100
0.100	0.100	0.700	0.100
0.700	0.100	0.100	0.100
0.100	0.100	0.100	0.700
>TCTGGTMTCGTY	21-TCTGGTMTCGTY	6.982047	-20.308459	0	T:136.0(8.34%),B:1588.6(4.86%),P:1e-8	Tpos:97.4,Tstd:50.9,Bpos:98.8,Bstd:135.1,StrandBias:-0.1,Multiplicity:1.01
0.035	0.001	0.123	0.841
0.001	0.778	0.082	0.139
0.001	0.177	0.003	0.819
0.007	0.203	0.789	0.001
0.105	0.001	0.816	0.078
0.005	0.001	0.078	0.916
0.312	0.440	0.247	0.001
0.035	0.035	0.002	0.928
0.039	0.714	0.246	0.001
0.001	0.192	0.806	0.001
0.001	0.078	0.061	0.860
0.003	0.538	0.001	0.458
>TGAGTTGAGTTG	22-TGAGTTGAGTTG	9.040299	-19.541583	0	T:33.0(2.02%),B:195.7(0.60%),P:1e-8	Tpos:89.2,Tstd:55.3,Bpos:115.6,Bstd:94.3,StrandBias:-0.5,Multiplicity:1.06
0.025	0.001	0.021	0.953
0.038	0.025	0.861	0.076
0.776	0.115	0.074	0.035
0.218	0.051	0.711	0.020
0.041	0.113	0.060	0.786
0.071	0.038	0.010	0.881
0.001	0.050	0.924	0.025
0.824	0.140	0.001	0.035
0.127	0.050	0.822	0.001
0.026	0.052	0.065	0.857
0.071	0.076	0.095	0.758
0.001	0.050	0.858	0.091
>GGCCTGGGCCTG	23-GGCCTGGGCCTG	6.938503	-14.103964	0	T:282.0(17.29%),B:4278.5(13.08%),P:1e-6	Tpos:98.8,Tstd:56.4,Bpos:94.5,Bstd:152.4,StrandBias:-0.0,Multiplicity:1.30
0.001	0.070	0.768	0.161
0.100	0.012	0.805	0.083
0.094	0.587	0.066	0.253
0.064	0.571	0.001	0.364
0.183	0.048	0.001	0.768
0.001	0.001	0.670	0.328
0.048	0.070	0.838	0.044
0.178	0.076	0.619	0.127
0.025	0.808	0.001	0.166
0.089	0.813	0.001	0.097
0.185	0.001	0.001	0.813
0.001	0.001	0.939	0.059
>ATTAASTAACTA	24-ATTAASTAACTA	14.488529	-10.825348	0	T:3.0(0.18%),B:0.9(0.00%),P:1e-4	Tpos:103.0,Tstd:14.9,Bpos:140.8,Bstd:25.8,StrandBias:1.0,Multiplicity:1.00
0.997	0.001	0.001	0.001
0.001	0.001	0.001	0.997
0.008	0.001	0.001	0.990
0.997	0.001	0.001	0.001
0.997	0.001	0.001	0.001
0.001	0.429	0.429	0.141
0.001	0.001	0.001	0.997
0.997	0.001	0.001	0.001
0.997	0.001	0.001	0.001
0.001	0.866	0.001	0.132
0.001	0.001	0.001	0.997
0.990	0.001	0.001	0.008
>WATWATAATWAT	25-WATWATAATWAT	8.639710	-3.029019	0	T:22.0(1.35%),B:298.8(0.91%),P:1e-1	Tpos:111.4,Tstd:58.6,Bpos:106.2,Bstd:80.5,StrandBias:0.0,Multiplicity:1.05
0.368	0.131	0.001	0.500
0.674	0.001	0.129	0.196
0.037	0.069	0.236	0.658
0.406	0.131	0.001	0.462
0.864	0.001	0.001	0.134
0.001	0.260	0.064	0.675
0.628	0.001	0.001	0.370
0.695	0.065	0.067	0.173
0.001	0.001	0.066	0.932
0.431	0.001	0.001	0.567
0.563	0.005	0.233	0.199
0.065	0.198	0.002	0.735
