>TTATAAGT	1-TTATAAGT	8.236954	-37.700316	0	T:25.0(1.53%),B:50.1(0.15%),P:1e-16	Tpos:103.4,Tstd:78.2,Bpos:98.6,Bstd:116.0,StrandBias:0.1,Multiplicity:1.00
0.100	0.100	0.100	0.700
0.100	0.100	0.100	0.700
0.700	0.100	0.100	0.100
0.100	0.100	0.100	0.700
0.700	0.100	0.100	0.100
0.700	0.100	0.100	0.100
0.100	0.100	0.700	0.100
0.100	0.100	0.100	0.700
>RTCCAGTS	2-RTCCAGTS	8.605075	-37.481379	0	T:50.0(3.07%),B:234.7(0.72%),P:1e-16	Tpos:103.8,Tstd:67.4,Bpos:93.6,Bstd:107.9,StrandBias:0.3,Multiplicity:1.04
0.566	0.001	0.432	0.001
0.001	0.001	0.001	0.997
0.169	0.829	0.001	0.001
0.193	0.525	0.001	0.281
0.771	0.001	0.096	0.132
0.108	0.001	0.890	0.001
0.096	0.001	0.001	0.902
0.001	0.548	0.450	0.001
>AAGRCTGA	3-AAGRCTGA	4.854008	-36.602438	0	T:671.0(41.14%),B:10291.2(31.47%),P:1e-15	Tpos:97.9,Tstd:57.5,Bpos:101.3,Bstd:132.7,StrandBias:-0.2,Multiplicity:1.47
0.645	0.269	0.001	0.085
0.623	0.001	0.375	0.001
0.001	0.001	0.997	0.001
0.297	0.001	0.441	0.261
0.001	0.997	0.001	0.001
0.375	0.001	0.001	0.623
0.001	0.001	0.997	0.001
0.617	0.001	0.381	0.001
>TACWCTGC	4-TACWCTGC	5.334903	-35.382593	0	T:530.0(32.50%),B:7745.6(23.69%),P:1e-15	Tpos:102.7,Tstd:58.1,Bpos:98.8,Bstd:120.6,StrandBias:-0.3,Multiplicity:1.28
0.001	0.219	0.127	0.653
0.575	0.039	0.275	0.111
0.011	0.599	0.298	0.092
0.358	0.067	0.117	0.459
0.027	0.610	0.327	0.036
0.084	0.016	0.001	0.899
0.210	0.001	0.788	0.001
0.029	0.462	0.229	0.280
>YCTAAGGT	5-YCTAAGGT	7.155568	-33.682548	0	T:46.0(2.82%),B:221.6(0.68%),P:1e-14	Tpos:100.6,Tstd:61.4,Bpos:90.0,Bstd:80.0,StrandBias:-0.5,Multiplicity:1.00
0.001	0.504	0.032	0.463
0.099	0.621	0.001	0.279
0.183	0.001	0.001	0.815
0.871	0.001	0.004	0.124
0.723	0.001	0.007	0.269
0.006	0.001	0.714	0.279
0.026	0.273	0.700	0.001
0.129	0.230	0.099	0.542
>AGTGAATC	6-AGTGAATC	8.236954	-33.655330	0	T:27.0(1.66%),B:72.5(0.22%),P:1e-14	Tpos:101.1,Tstd:48.8,Bpos:91.3,Bstd:46.7,StrandBias:0.1,Multiplicity:1.00
0.700	0.100	0.100	0.100
0.100	0.100	0.700	0.100
0.100	0.100	0.100	0.700
0.100	0.100	0.700	0.100
0.700	0.100	0.100	0.100
0.700	0.100	0.100	0.100
0.100	0.100	0.100	0.700
0.100	0.700	0.100	0.100
>CCCTACTA	7-CCCTACTA	10.747739	-32.018468	0	T:33.0(2.02%),B:120.3(0.37%),P:1e-13	Tpos:109.5,Tstd:69.3,Bpos:81.6,Bstd:70.2,StrandBias:-0.6,Multiplicity:1.12
0.001	0.997	0.001	0.001
0.001	0.997	0.001	0.001
0.001	0.997	0.001	0.001
0.001	0.001	0.001	0.997
0.725	0.001	0.001	0.273
0.001	0.997	0.001	0.001
0.001	0.001	0.001	0.997
0.997	0.001	0.001	0.001
>TAGGCTAG	8-TAGGCTAG	5.058523	-31.070844	0	T:524.0(32.13%),B:7818.9(23.91%),P:1e-13	Tpos:105.1,Tstd:59.8,Bpos:97.9,Bstd:130.3,StrandBias:0.1,Multiplicity:1.53
0.079	0.116	0.045	0.760
0.714	0.036	0.126	0.124
0.049	0.077	0.824	0.050
0.104	0.107	0.643	0.146
0.109	0.706	0.122	0.063
0.098	0.071	0.031	0.800
0.699	0.071	0.098	0.132
0.054	0.061	0.855	0.030
>ACTAACGT	9-ACTAACGT	8.236954	-29.518095	0	T:27.0(1.66%),B:86.7(0.27%),P:1e-12	Tpos:95.7,Tstd:50.3,Bpos:75.0,Bstd:86.5,StrandBias:-0.3,Multiplicity:1.00
0.700	0.100	0.100	0.100
0.100	0.700	0.100	0.100
0.100	0.100	0.100	0.700
0.700	0.100	0.100	0.100
0.700	0.100	0.100	0.100
0.100	0.700	0.100	0.100
0.100	0.100	0.700	0.100
0.100	0.100	0.100	0.700
>TGTACACT	10-TGTACACT	4.913602	-28.315040	0	T:560.0(34.33%),B:8605.0(26.31%),P:1e-12	Tpos:102.8,Tstd:61.6,Bpos:99.2,Bstd:114.9,StrandBias:0.0,Multiplicity:1.24
0.112	0.072	0.055	0.761
0.096	0.132	0.727	0.045
0.110	0.073	0.075	0.742
0.771	0.089	0.078	0.062
0.033	0.808	0.061	0.098
0.595	0.099	0.205	0.101
0.046	0.831	0.106	0.017
0.081	0.127	0.018	0.774
>AGGCTAAG	11-AGGCTAAG	5.157535	-26.138895	0	T:563.0(34.52%),B:8766.1(26.81%),P:1e-11	Tpos:96.7,Tstd:54.5,Bpos:98.5,Bstd:138.3,StrandBias:0.0,Multiplicity:1.49
0.825	0.026	0.090	0.059
0.050	0.041	0.829	0.080
0.071	0.141	0.738	0.050
0.068	0.769	0.072	0.091
0.055	0.136	0.030	0.779
0.560	0.204	0.142	0.094
0.736	0.062	0.155	0.047
0.068	0.128	0.769	0.035
>TTACTTAT	12-TTACTTAT	8.236954	-25.494261	0	T:26.0(1.59%),B:95.6(0.29%),P:1e-11	Tpos:97.2,Tstd:51.1,Bpos:95.7,Bstd:85.5,StrandBias:0.3,Multiplicity:1.00
0.100	0.100	0.100	0.700
0.100	0.100	0.100	0.700
0.700	0.100	0.100	0.100
0.100	0.700	0.100	0.100
0.100	0.100	0.100	0.700
0.100	0.100	0.100	0.700
0.700	0.100	0.100	0.100
0.100	0.100	0.100	0.700
>ACCCAACG	13-ACCCAACG	6.101036	-23.770285	0	T:286.0(17.54%),B:3923.6(12.00%),P:1e-10	Tpos:98.3,Tstd:57.2,Bpos:99.6,Bstd:121.8,StrandBias:-0.3,Multiplicity:1.21
0.872	0.018	0.078	0.032
0.131	0.428	0.249	0.192
0.084	0.789	0.102	0.025
0.083	0.895	0.003	0.019
0.760	0.104	0.130	0.006
0.715	0.098	0.097	0.090
0.144	0.514	0.341	0.001
0.042	0.123	0.735	0.100
>ATTAATTA	14-ATTAATTA	10.810552	-22.087554	0	T:24.0(1.47%),B:95.4(0.29%),P:1e-9	Tpos:100.1,Tstd:11.3,Bpos:101.1,Bstd:93.8,StrandBias:0.2,Multiplicity:1.21
0.997	0.001	0.001	0.001
0.001	0.001	0.001	0.997
0.001	0.001	0.001	0.997
0.997	0.001	0.001	0.001
0.997	0.001	0.001	0.001
0.001	0.001	0.001	0.997
0.001	0.001	0.001	0.997
0.772	0.001	0.226	0.001
>CGATACTG	15-CGATACTG	8.236954	-20.441139	0	T:34.0(2.08%),B:198.7(0.61%),P:1e-8	Tpos:97.8,Tstd:68.1,Bpos:99.0,Bstd:101.4,StrandBias:-0.4,Multiplicity:1.03
0.100	0.700	0.100	0.100
0.100	0.100	0.700	0.100
0.700	0.100	0.100	0.100
0.100	0.100	0.100	0.700
0.700	0.100	0.100	0.100
0.100	0.700	0.100	0.100
0.100	0.100	0.100	0.700
0.100	0.100	0.700	0.100
>TAATTACT	16-TAATTACT	8.411710	-20.036741	0	T:33.0(2.02%),B:191.6(0.59%),P:1e-8	Tpos:99.6,Tstd:51.9,Bpos:95.3,Bstd:96.7,StrandBias:0.4,Multiplicity:1.00
0.001	0.001	0.147	0.851
0.997	0.001	0.001	0.001
0.500	0.178	0.001	0.321
0.192	0.001	0.308	0.499
0.001	0.001	0.001	0.997
0.966	0.001	0.032	0.001
0.148	0.543	0.001	0.308
0.001	0.001	0.032	0.966
>AGTCAAAA	17-AGTCAAAA	9.005754	-19.896481	0	T:39.0(2.39%),B:256.3(0.78%),P:1e-8	Tpos:105.0,Tstd:38.3,Bpos:104.3,Bstd:107.4,StrandBias:-0.2,Multiplicity:1.00
0.997	0.001	0.001	0.001
0.001	0.001	0.997	0.001
0.001	0.001	0.001	0.997
0.001	0.871	0.001	0.127
0.997	0.001	0.001	0.001
0.997	0.001	0.001	0.001
0.997	0.001	0.001	0.001
0.997	0.001	0.001	0.001
>GACTTAGC	18-GACTTAGC	8.266289	-17.830544	0	T:56.0(3.43%),B:486.1(1.49%),P:1e-7	Tpos:99.2,Tstd:55.4,Bpos:104.0,Bstd:89.4,StrandBias:0.1,Multiplicity:1.02
0.001	0.001	0.997	0.001
0.531	0.005	0.092	0.372
0.001	0.997	0.001	0.001
0.001	0.341	0.001	0.657
0.001	0.001	0.001	0.997
0.997	0.001	0.001	0.001
0.001	0.001	0.997	0.001
0.001	0.997	0.001	0.001
>CAACTCAA	19-CAACTCAA	7.840366	-17.652883	0	T:100.0(6.13%),B:1108.5(3.39%),P:1e-7	Tpos:100.0,Tstd:50.3,Bpos:103.6,Bstd:109.3,StrandBias:0.3,Multiplicity:1.20
0.001	0.997	0.001	0.001
0.997	0.001	0.001	0.001
0.997	0.001	0.001	0.001
0.001	0.780	0.009	0.210
0.188	0.001	0.001	0.810
0.001	0.997	0.001	0.001
0.997	0.001	0.001	0.001
0.997	0.001	0.001	0.001
>CGGATGAG	20-CGGATGAG	8.139795	-16.137897	0	T:44.0(2.70%),B:357.4(1.09%),P:1e-7	Tpos:88.6,Tstd:57.1,Bpos:103.3,Bstd:94.3,StrandBias:-1.0,Multiplicity:1.00
0.001	0.997	0.001	0.001
0.001	0.001	0.997	0.001
0.001	0.001	0.800	0.198
0.997	0.001	0.001	0.001
0.001	0.001	0.001	0.997
0.001	0.001	0.997	0.001
0.997	0.001	0.001	0.001
0.001	0.269	0.729	0.001
>CATTATTT	21-CATTATTT	8.236954	-15.258016	0	T:29.0(1.78%),B:190.1(0.58%),P:1e-6	Tpos:100.5,Tstd:42.6,Bpos:87.6,Bstd:96.6,StrandBias:-0.1,Multiplicity:1.00
0.100	0.700	0.100	0.100
0.700	0.100	0.100	0.100
0.100	0.100	0.100	0.700
0.100	0.100	0.100	0.700
0.700	0.100	0.100	0.100
0.100	0.100	0.100	0.700
0.100	0.100	0.100	0.700
0.100	0.100	0.100	0.700
>ACACACAC	22-ACACACAC	7.751771	-13.932978	0	T:139.0(8.52%),B:1827.2(5.59%),P:1e-6	Tpos:91.9,Tstd:58.0,Bpos:98.5,Bstd:121.3,StrandBias:0.2,Multiplicity:1.24
0.997	0.001	0.001	0.001
0.001	0.997	0.001	0.001
0.960	0.001	0.001	0.038
0.001	0.899	0.001	0.099
0.950	0.001	0.001	0.048
0.057	0.867	0.001	0.075
0.997	0.001	0.001	0.001
0.001	0.997	0.001	0.001
>HGAGASAG	23-HGAGASAG	6.299562	-11.102096	0	T:200.0(12.26%),B:2984.7(9.13%),P:1e-4	Tpos:104.0,Tstd:57.3,Bpos:97.5,Bstd:119.0,StrandBias:-0.4,Multiplicity:1.10
0.290	0.370	0.100	0.240
0.241	0.134	0.620	0.005
0.855	0.001	0.094	0.050
0.002	0.069	0.863	0.066
0.604	0.255	0.038	0.103
0.248	0.301	0.425	0.026
0.766	0.043	0.181	0.010
0.167	0.086	0.642	0.105
>CTAGCTCT	24-CTAGCTCT	8.236954	-9.287137	0	T:34.0(2.08%),B:330.3(1.01%),P:1e-4	Tpos:103.1,Tstd:44.4,Bpos:100.1,Bstd:122.1,StrandBias:1.0,Multiplicity:1.40
0.100	0.700	0.100	0.100
0.100	0.100	0.100	0.700
0.700	0.100	0.100	0.100
0.100	0.100	0.700	0.100
0.100	0.700	0.100	0.100
0.100	0.100	0.100	0.700
0.100	0.700	0.100	0.100
0.100	0.100	0.100	0.700
>ATTATTAT	25-ATTATTAT	8.981849	-0.243110	0	T:14.0(0.86%),B:336.8(1.03%),P:1e0	Tpos:112.0,Tstd:59.6,Bpos:109.7,Bstd:109.0,StrandBias:0.0,Multiplicity:1.23
0.997	0.001	0.001	0.001
0.001	0.001	0.001	0.997
0.124	0.001	0.001	0.874
0.997	0.001	0.001	0.001
0.001	0.001	0.001	0.997
0.001	0.001	0.001	0.997
0.997	0.001	0.001	0.001
0.001	0.001	0.001	0.997
