>SWNSWCTABNCT	1-SWNSWCTABNCT	5.231674	-78.161873	0	T:1032.0(44.12%),B:11022.2(31.99%),P:1e-33	Tpos:102.9,Tstd:61.0,Bpos:98.0,Bstd:96.8,StrandBias:-0.0,Multiplicity:1.34
0.224	0.458	0.317	0.001
0.351	0.241	0.001	0.407
0.310	0.189	0.298	0.203
0.014	0.447	0.306	0.233
0.294	0.222	0.080	0.403
0.201	0.529	0.269	0.001
0.001	0.181	0.001	0.817
0.455	0.144	0.264	0.138
0.001	0.381	0.280	0.338
0.310	0.208	0.168	0.314
0.024	0.629	0.338	0.009
0.081	0.001	0.001	0.917
>CCAATTATAAGT	2-CCAATTATAAGT	12.355432	-68.354275	0	T:15.0(0.64%),B:1.6(0.00%),P:1e-29	Tpos:93.6,Tstd:90.2,Bpos:118.3,Bstd:18.7,StrandBias:0.2,Multiplicity:1.00
0.100	0.700	0.100	0.100
0.100	0.700	0.100	0.100
0.700	0.100	0.100	0.100
0.700	0.100	0.100	0.100
0.100	0.100	0.100	0.700
0.100	0.100	0.100	0.700
0.700	0.100	0.100	0.100
0.100	0.100	0.100	0.700
0.700	0.100	0.100	0.100
0.700	0.100	0.100	0.100
0.100	0.100	0.700	0.100
0.100	0.100	0.100	0.700
>AAGTCAGAAGAA	3-AAGTCAGAAGAA	12.355432	-58.020290	0	T:15.0(0.64%),B:2.1(0.01%),P:1e-25	Tpos:94.5,Tstd:77.2,Bpos:87.2,Bstd:19.4,StrandBias:0.2,Multiplicity:1.00
0.700	0.100	0.100	0.100
0.700	0.100	0.100	0.100
0.100	0.100	0.700	0.100
0.100	0.100	0.100	0.700
0.100	0.700	0.100	0.100
0.700	0.100	0.100	0.100
0.100	0.100	0.700	0.100
0.700	0.100	0.100	0.100
0.700	0.100	0.100	0.100
0.100	0.100	0.700	0.100
0.700	0.100	0.100	0.100
0.700	0.100	0.100	0.100
>ACCAAGGAGAAC	4-ACCAAGGAGAAC	12.355432	-58.020290	0	T:15.0(0.64%),B:2.8(0.01%),P:1e-25	Tpos:95.3,Tstd:65.3,Bpos:71.4,Bstd:19.2,StrandBias:0.2,Multiplicity:1.00
0.700	0.100	0.100	0.100
0.100	0.700	0.100	0.100
0.100	0.700	0.100	0.100
0.700	0.100	0.100	0.100
0.700	0.100	0.100	0.100
0.100	0.100	0.700	0.100
0.100	0.100	0.700	0.100
0.700	0.100	0.100	0.100
0.100	0.100	0.700	0.100
0.700	0.100	0.100	0.100
0.700	0.100	0.100	0.100
0.100	0.700	0.100	0.100
>CTAGTGAATCCA	5-CTAGTGAATCCA	12.355432	-47.749485	0	T:15.0(0.64%),B:4.1(0.01%),P:1e-20	Tpos:97.4,Tstd:33.3,Bpos:113.5,Bstd:46.5,StrandBias:0.2,Multiplicity:1.00
0.100	0.700	0.100	0.100
0.100	0.100	0.100	0.700
0.700	0.100	0.100	0.100
0.100	0.100	0.700	0.100
0.100	0.100	0.100	0.700
0.100	0.100	0.700	0.100
0.700	0.100	0.100	0.100
0.700	0.100	0.100	0.100
0.100	0.100	0.100	0.700
0.100	0.700	0.100	0.100
0.100	0.700	0.100	0.100
0.700	0.100	0.100	0.100
>GTRTGNGTGWGT	6-GTRTGNGTGWGT	5.131595	-46.575910	0	T:754.0(32.24%),B:8174.3(23.73%),P:1e-20	Tpos:101.7,Tstd:57.6,Bpos:100.0,Bstd:99.6,StrandBias:0.3,Multiplicity:1.20
0.036	0.001	0.939	0.024
0.001	0.097	0.084	0.818
0.489	0.024	0.438	0.049
0.074	0.318	0.015	0.593
0.026	0.072	0.887	0.015
0.304	0.165	0.234	0.298
0.355	0.072	0.548	0.025
0.055	0.196	0.182	0.567
0.066	0.121	0.768	0.045
0.395	0.125	0.123	0.357
0.172	0.072	0.719	0.037
0.048	0.049	0.001	0.902
>ACAATTCAATTA	7-ACAATTCAATTA	12.355432	-44.465512	0	T:15.0(0.64%),B:5.3(0.02%),P:1e-19	Tpos:98.2,Tstd:21.4,Bpos:99.9,Bstd:50.2,StrandBias:0.2,Multiplicity:1.00
0.700	0.100	0.100	0.100
0.100	0.700	0.100	0.100
0.700	0.100	0.100	0.100
0.700	0.100	0.100	0.100
0.100	0.100	0.100	0.700
0.100	0.100	0.100	0.700
0.100	0.700	0.100	0.100
0.700	0.100	0.100	0.100
0.700	0.100	0.100	0.100
0.100	0.100	0.100	0.700
0.100	0.100	0.100	0.700
0.700	0.100	0.100	0.100
>CCAACAGCTTCA	8-CCAACAGCTTCA	13.802768	-39.536991	0	T:18.0(0.77%),B:13.2(0.04%),P:1e-17	Tpos:89.6,Tstd:24.6,Bpos:100.7,Bstd:60.7,StrandBias:0.0,Multiplicity:1.00
0.001	0.997	0.001	0.001
0.065	0.933	0.001	0.001
0.997	0.001	0.001	0.001
0.997	0.001	0.001	0.001
0.001	0.997	0.001	0.001
0.997	0.001	0.001	0.001
0.001	0.001	0.997	0.001
0.001	0.997	0.001	0.001
0.001	0.001	0.001	0.997
0.001	0.001	0.001	0.997
0.001	0.933	0.065	0.001
0.997	0.001	0.001	0.001
>CATCCAACGACA	9-CATCCAACGACA	12.355432	-34.762006	0	T:16.0(0.68%),B:13.0(0.04%),P:1e-15	Tpos:107.1,Tstd:34.2,Bpos:106.4,Bstd:58.5,StrandBias:0.0,Multiplicity:1.00
0.100	0.700	0.100	0.100
0.700	0.100	0.100	0.100
0.100	0.100	0.100	0.700
0.100	0.700	0.100	0.100
0.100	0.700	0.100	0.100
0.700	0.100	0.100	0.100
0.700	0.100	0.100	0.100
0.100	0.700	0.100	0.100
0.100	0.100	0.700	0.100
0.700	0.100	0.100	0.100
0.100	0.700	0.100	0.100
0.700	0.100	0.100	0.100
>CTBTGCATCYCT	10-CTBTGCATCYCT	7.735599	-34.647544	0	T:216.0(9.23%),B:1789.7(5.19%),P:1e-15	Tpos:106.3,Tstd:53.3,Bpos:97.6,Bstd:97.4,StrandBias:0.5,Multiplicity:1.05
0.203	0.764	0.032	0.001
0.001	0.001	0.331	0.667
0.033	0.252	0.384	0.332
0.186	0.001	0.032	0.781
0.136	0.301	0.464	0.099
0.001	0.620	0.085	0.294
0.519	0.177	0.001	0.303
0.001	0.304	0.001	0.694
0.001	0.605	0.393	0.001
0.001	0.564	0.001	0.434
0.034	0.951	0.014	0.001
0.035	0.001	0.065	0.899
>WTACTTAYYTAK	11-WTACTTAYYTAK	12.085143	-33.544627	0	T:16.0(0.68%),B:13.5(0.04%),P:1e-14	Tpos:94.4,Tstd:44.7,Bpos:92.6,Bstd:62.8,StrandBias:0.0,Multiplicity:1.00
0.574	0.001	0.001	0.424
0.002	0.186	0.186	0.626
0.997	0.001	0.001	0.001
0.001	0.992	0.001	0.006
0.001	0.011	0.188	0.800
0.001	0.001	0.001	0.997
0.605	0.011	0.198	0.186
0.001	0.409	0.186	0.404
0.186	0.416	0.001	0.397
0.011	0.011	0.001	0.977
0.988	0.001	0.001	0.010
0.001	0.197	0.409	0.393
>TGTCTGTCTGTG	12-TGTCTGTCTGTG	5.833636	-32.590961	0	T:378.0(16.16%),B:3748.5(10.88%),P:1e-14	Tpos:99.3,Tstd:60.1,Bpos:101.1,Bstd:101.7,StrandBias:-0.2,Multiplicity:1.15
0.021	0.035	0.036	0.908
0.001	0.074	0.905	0.020
0.057	0.020	0.001	0.922
0.001	0.697	0.282	0.020
0.040	0.001	0.001	0.958
0.009	0.021	0.891	0.079
0.062	0.036	0.041	0.861
0.053	0.540	0.319	0.088
0.040	0.001	0.001	0.958
0.041	0.061	0.866	0.032
0.021	0.031	0.036	0.912
0.016	0.186	0.593	0.205
>SAATTAATTAAT	13-SAATTAATTAAT	15.079741	-32.205634	0	T:17.0(0.73%),B:17.1(0.05%),P:1e-13	Tpos:102.8,Tstd:18.0,Bpos:92.5,Bstd:44.5,StrandBias:0.5,Multiplicity:1.00
0.001	0.373	0.427	0.198
0.583	0.001	0.415	0.001
0.997	0.001	0.001	0.001
0.001	0.001	0.001	0.997
0.001	0.001	0.001	0.997
0.997	0.001	0.001	0.001
0.997	0.001	0.001	0.001
0.001	0.001	0.001	0.997
0.001	0.001	0.001	0.997
0.997	0.001	0.001	0.001
0.997	0.001	0.001	0.001
0.001	0.001	0.001	0.997
>TCTAGTCTAGTC	14-TCTAGTCTAGTC	4.625931	-31.037167	0	T:1094.0(46.77%),B:13476.2(39.12%),P:1e-13	Tpos:99.5,Tstd:55.3,Bpos:101.1,Bstd:90.7,StrandBias:0.1,Multiplicity:1.28
0.077	0.102	0.086	0.735
0.085	0.682	0.103	0.130
0.116	0.111	0.092	0.681
0.599	0.106	0.131	0.164
0.108	0.113	0.649	0.130
0.088	0.116	0.090	0.706
0.089	0.693	0.096	0.122
0.136	0.136	0.087	0.641
0.599	0.108	0.131	0.162
0.113	0.096	0.654	0.137
0.108	0.130	0.092	0.670
0.081	0.689	0.104	0.126
>ATCGGTGGTAAG	15-ATCGGTGGTAAG	8.993794	-30.870068	0	T:30.0(1.28%),B:75.7(0.22%),P:1e-13	Tpos:114.8,Tstd:65.4,Bpos:76.4,Bstd:61.4,StrandBias:0.0,Multiplicity:1.00
0.997	0.001	0.001	0.001
0.001	0.001	0.001	0.997
0.001	0.760	0.001	0.238
0.001	0.001	0.997	0.001
0.001	0.001	0.997	0.001
0.001	0.001	0.001	0.997
0.267	0.001	0.731	0.001
0.001	0.113	0.885	0.001
0.001	0.001	0.001	0.997
0.997	0.001	0.001	0.001
0.844	0.001	0.154	0.001
0.001	0.001	0.997	0.001
>TTGGGTTAACCC	16-TTGGGTTAACCC	6.706029	-29.109467	0	T:140.0(5.99%),B:1056.6(3.07%),P:1e-12	Tpos:105.3,Tstd:59.3,Bpos:101.5,Bstd:90.2,StrandBias:0.0,Multiplicity:1.04
0.115	0.102	0.114	0.669
0.062	0.086	0.134	0.718
0.115	0.052	0.692	0.141
0.048	0.162	0.654	0.136
0.091	0.100	0.643	0.166
0.127	0.088	0.114	0.671
0.135	0.120	0.105	0.640
0.580	0.102	0.178	0.140
0.628	0.104	0.118	0.150
0.203	0.585	0.120	0.092
0.112	0.682	0.144	0.062
0.158	0.620	0.068	0.154
>AAGCCAAGCCCA	17-AAGCCAAGCCCA	9.068771	-26.464212	0	T:114.0(4.87%),B:824.3(2.39%),P:1e-11	Tpos:101.0,Tstd:58.5,Bpos:99.1,Bstd:119.1,StrandBias:-0.7,Multiplicity:1.30
0.827	0.090	0.050	0.033
0.716	0.030	0.181	0.073
0.065	0.143	0.701	0.091
0.001	0.926	0.057	0.016
0.056	0.927	0.001	0.016
0.925	0.051	0.001	0.023
0.891	0.025	0.079	0.005
0.116	0.042	0.791	0.051
0.082	0.795	0.072	0.051
0.041	0.821	0.045	0.093
0.140	0.799	0.001	0.060
0.886	0.028	0.057	0.029
>TGAGTTGCGCTG	18-TGAGTTGCGCTG	9.730705	-23.275223	0	T:29.0(1.24%),B:97.0(0.28%),P:1e-10	Tpos:67.9,Tstd:55.5,Bpos:115.6,Bstd:79.7,StrandBias:-0.6,Multiplicity:1.04
0.037	0.030	0.030	0.903
0.023	0.060	0.841	0.076
0.626	0.212	0.092	0.070
0.060	0.049	0.778	0.113
0.072	0.074	0.139	0.715
0.001	0.001	0.001	0.997
0.001	0.030	0.849	0.120
0.070	0.842	0.058	0.030
0.001	0.030	0.951	0.018
0.109	0.620	0.060	0.211
0.001	0.029	0.001	0.969
0.001	0.001	0.920	0.078
>GTATATCCAGTC	19-GTATATCCAGTC	7.991714	-22.601778	0	T:39.0(1.67%),B:170.4(0.49%),P:1e-9	Tpos:108.4,Tstd:69.5,Bpos:95.2,Bstd:85.0,StrandBias:0.1,Multiplicity:1.00
0.007	0.224	0.622	0.147
0.104	0.004	0.243	0.649
0.439	0.124	0.212	0.224
0.159	0.209	0.199	0.434
0.539	0.247	0.010	0.204
0.173	0.162	0.134	0.531
0.219	0.737	0.022	0.022
0.178	0.537	0.281	0.004
0.650	0.012	0.146	0.192
0.155	0.209	0.462	0.174
0.024	0.183	0.018	0.775
0.021	0.588	0.206	0.185
>CYTTCTACGGTC	20-CYTTCTACGGTC	12.589960	-22.213661	0	T:20.0(0.86%),B:47.6(0.14%),P:1e-9	Tpos:113.2,Tstd:54.4,Bpos:58.0,Bstd:52.9,StrandBias:0.3,Multiplicity:1.00
0.122	0.702	0.175	0.001
0.001	0.428	0.001	0.570
0.001	0.001	0.001	0.997
0.001	0.001	0.001	0.997
0.001	0.997	0.001	0.001
0.001	0.338	0.001	0.660
0.997	0.001	0.001	0.001
0.327	0.506	0.162	0.005
0.001	0.381	0.617	0.001
0.001	0.001	0.675	0.323
0.001	0.001	0.001	0.997
0.001	0.997	0.001	0.001
>AGARAGAGAGAG	21-AGARAGAGAGAG	7.284419	-15.332145	0	T:283.0(12.10%),B:3086.9(8.96%),P:1e-6	Tpos:97.2,Tstd:51.2,Bpos:96.2,Bstd:87.8,StrandBias:-0.3,Multiplicity:1.12
0.636	0.310	0.001	0.053
0.157	0.001	0.795	0.047
0.555	0.094	0.324	0.027
0.343	0.046	0.431	0.179
0.823	0.001	0.021	0.155
0.122	0.001	0.728	0.149
0.681	0.173	0.001	0.145
0.302	0.046	0.603	0.049
0.972	0.001	0.001	0.026
0.295	0.001	0.641	0.063
0.941	0.001	0.016	0.042
0.181	0.091	0.727	0.001
>TAWTAWTAWTAH	22-TAWTAWTAWTAH	8.725356	-6.543516	0	T:16.0(0.68%),B:98.3(0.29%),P:1e-2	Tpos:95.0,Tstd:60.2,Bpos:105.2,Bstd:73.5,StrandBias:0.8,Multiplicity:1.13
0.242	0.283	0.010	0.464
0.802	0.045	0.100	0.053
0.449	0.019	0.130	0.402
0.287	0.207	0.054	0.452
0.825	0.047	0.078	0.050
0.298	0.159	0.174	0.369
0.048	0.046	0.043	0.863
0.634	0.232	0.058	0.076
0.427	0.023	0.001	0.549
0.232	0.249	0.032	0.487
0.552	0.201	0.019	0.228
0.307	0.315	0.016	0.362
>ATTATTATAATT	23-ATTATTATAATT	15.885965	-5.905550	0	T:3.0(0.13%),B:4.3(0.01%),P:1e-2	Tpos:93.3,Tstd:50.2,Bpos:131.6,Bstd:54.1,StrandBias:-10.0,Multiplicity:1.00
0.997	0.001	0.001	0.001
0.001	0.001	0.001	0.997
0.147	0.001	0.001	0.851
0.997	0.001	0.001	0.001
0.001	0.001	0.001	0.997
0.317	0.001	0.001	0.681
0.997	0.001	0.001	0.001
0.001	0.001	0.001	0.997
0.925	0.001	0.001	0.073
0.997	0.001	0.001	0.001
0.001	0.001	0.001	0.997
0.095	0.001	0.001	0.903
>ATWAWWATWATW	24-ATWAWWATWATW	11.118910	-4.789105	0	T:3.0(0.13%),B:6.0(0.02%),P:1e-2	Tpos:67.3,Tstd:55.8,Bpos:118.7,Bstd:22.4,StrandBias:-1.0,Multiplicity:1.00
0.655	0.001	0.299	0.045
0.191	0.077	0.088	0.644
0.382	0.036	0.168	0.414
0.839	0.044	0.115	0.002
0.528	0.087	0.001	0.384
0.566	0.001	0.001	0.432
0.865	0.045	0.001	0.089
0.246	0.033	0.044	0.677
0.526	0.001	0.043	0.430
0.902	0.044	0.027	0.027
0.035	0.043	0.001	0.921
0.447	0.045	0.037	0.470
>ATTAATTAACTA	25-ATTAATTAACTA	13.815664	-4.641669	0	T:4.0(0.17%),B:12.9(0.04%),P:1e-2	Tpos:93.9,Tstd:17.0,Bpos:78.8,Bstd:54.5,StrandBias:0.8,Multiplicity:1.33
0.997	0.001	0.001	0.001
0.001	0.296	0.001	0.702
0.307	0.001	0.001	0.691
0.997	0.001	0.001	0.001
0.997	0.001	0.001	0.001
0.001	0.001	0.296	0.702
0.001	0.001	0.001	0.997
0.997	0.001	0.001	0.001
0.997	0.001	0.001	0.001
0.001	0.604	0.001	0.394
0.001	0.001	0.296	0.702
0.997	0.001	0.001	0.001
