>GTCTAKHCTA	1-GTCTAKHCTA	4.361788	-58.269917	0	T:1191.0(50.92%),B:13834.4(40.16%),P:1e-25	Tpos:104.0,Tstd:59.7,Bpos:98.0,Bstd:93.7,StrandBias:0.1,Multiplicity:1.56
0.089	0.336	0.507	0.068
0.202	0.115	0.026	0.657
0.135	0.537	0.259	0.069
0.171	0.204	0.035	0.590
0.630	0.125	0.142	0.103
0.001	0.151	0.495	0.353
0.306	0.266	0.085	0.343
0.101	0.670	0.206	0.023
0.220	0.146	0.092	0.542
0.582	0.085	0.200	0.133
>CACAGCACAG	2-CACAGCACAG	4.579427	-57.785658	0	T:970.0(41.47%),B:10748.5(31.20%),P:1e-25	Tpos:96.9,Tstd:59.0,Bpos:98.9,Bstd:103.4,StrandBias:-0.1,Multiplicity:1.42
0.086	0.717	0.097	0.100
0.681	0.094	0.112	0.113
0.098	0.684	0.117	0.101
0.690	0.109	0.100	0.101
0.101	0.097	0.717	0.085
0.094	0.680	0.118	0.108
0.694	0.081	0.108	0.117
0.089	0.726	0.089	0.096
0.694	0.110	0.095	0.101
0.094	0.100	0.718	0.088
>CCCTTACCCT	3-CCCTTACCCT	4.631984	-51.458216	0	T:852.0(36.43%),B:9336.5(27.10%),P:1e-22	Tpos:99.8,Tstd:60.4,Bpos:99.5,Bstd:104.7,StrandBias:0.1,Multiplicity:1.33
0.106	0.691	0.110	0.093
0.091	0.717	0.085	0.107
0.097	0.718	0.095	0.090
0.113	0.094	0.102	0.691
0.109	0.120	0.092	0.679
0.712	0.099	0.098	0.091
0.090	0.708	0.095	0.107
0.109	0.694	0.107	0.090
0.093	0.700	0.100	0.107
0.113	0.099	0.098	0.690
>GGCTTAGCCT	4-GGCTTAGCCT	5.769634	-42.913987	0	T:288.0(12.31%),B:2448.3(7.11%),P:1e-18	Tpos:99.2,Tstd:58.0,Bpos:98.7,Bstd:109.7,StrandBias:-0.2,Multiplicity:1.31
0.174	0.075	0.592	0.159
0.120	0.214	0.523	0.143
0.028	0.727	0.177	0.068
0.126	0.155	0.130	0.589
0.149	0.148	0.164	0.539
0.559	0.059	0.216	0.166
0.075	0.187	0.646	0.092
0.147	0.502	0.217	0.134
0.128	0.553	0.147	0.172
0.160	0.153	0.027	0.660
>ACACACACAC	5-ACACACACAC	6.783492	-42.369608	0	T:373.0(15.95%),B:3450.2(10.02%),P:1e-18	Tpos:100.9,Tstd:62.6,Bpos:99.2,Bstd:103.7,StrandBias:0.0,Multiplicity:1.11
0.831	0.038	0.057	0.074
0.053	0.813	0.078	0.056
0.752	0.091	0.087	0.070
0.074	0.762	0.080	0.084
0.786	0.058	0.066	0.090
0.055	0.853	0.045	0.047
0.806	0.080	0.051	0.063
0.055	0.789	0.087	0.069
0.798	0.073	0.063	0.066
0.053	0.816	0.082	0.049
>CCAATTATAA	6-CCAATTATAA	10.296193	-41.793854	0	T:15.0(0.64%),B:6.5(0.02%),P:1e-18	Tpos:93.5,Tstd:91.2,Bpos:114.0,Bstd:37.2,StrandBias:0.2,Multiplicity:1.00
0.100	0.700	0.100	0.100
0.100	0.700	0.100	0.100
0.700	0.100	0.100	0.100
0.700	0.100	0.100	0.100
0.100	0.100	0.100	0.700
0.100	0.100	0.100	0.700
0.700	0.100	0.100	0.100
0.100	0.100	0.100	0.700
0.700	0.100	0.100	0.100
0.700	0.100	0.100	0.100
>CTTACTTATC	7-CTTACTTATC	10.665816	-40.024820	0	T:19.0(0.81%),B:15.8(0.05%),P:1e-17	Tpos:93.3,Tstd:41.2,Bpos:116.7,Bstd:62.6,StrandBias:0.2,Multiplicity:1.00
0.001	0.997	0.001	0.001
0.001	0.001	0.001	0.997
0.001	0.001	0.001	0.997
0.997	0.001	0.001	0.001
0.001	0.956	0.001	0.042
0.001	0.001	0.001	0.997
0.001	0.001	0.001	0.997
0.997	0.001	0.001	0.001
0.001	0.001	0.001	0.997
0.001	0.997	0.001	0.001
>AACCAAGGAG	8-AACCAAGGAG	10.296193	-37.552502	0	T:16.0(0.68%),B:10.7(0.03%),P:1e-16	Tpos:97.3,Tstd:65.7,Bpos:90.2,Bstd:46.0,StrandBias:0.4,Multiplicity:1.00
0.700	0.100	0.100	0.100
0.700	0.100	0.100	0.100
0.100	0.700	0.100	0.100
0.100	0.700	0.100	0.100
0.700	0.100	0.100	0.100
0.700	0.100	0.100	0.100
0.100	0.100	0.700	0.100
0.100	0.100	0.700	0.100
0.700	0.100	0.100	0.100
0.100	0.100	0.700	0.100
>TRNNCHGTGC	9-TRNNCHGTGC	5.039769	-37.193141	0	T:304.0(13.00%),B:2746.5(7.97%),P:1e-16	Tpos:103.3,Tstd:62.5,Bpos:97.2,Bstd:98.7,StrandBias:-0.2,Multiplicity:1.01
0.235	0.213	0.001	0.551
0.447	0.062	0.437	0.053
0.216	0.265	0.201	0.318
0.239	0.231	0.313	0.216
0.070	0.432	0.272	0.226
0.293	0.220	0.133	0.355
0.238	0.202	0.439	0.121
0.035	0.001	0.278	0.686
0.116	0.242	0.467	0.174
0.037	0.894	0.068	0.001
>CAACAGTAAA	10-CAACAGTAAA	10.296193	-35.962741	0	T:21.0(0.90%),B:25.3(0.07%),P:1e-15	Tpos:101.9,Tstd:58.3,Bpos:67.2,Bstd:48.3,StrandBias:0.4,Multiplicity:1.00
0.100	0.700	0.100	0.100
0.700	0.100	0.100	0.100
0.700	0.100	0.100	0.100
0.100	0.700	0.100	0.100
0.700	0.100	0.100	0.100
0.100	0.100	0.700	0.100
0.100	0.100	0.100	0.700
0.700	0.100	0.100	0.100
0.700	0.100	0.100	0.100
0.700	0.100	0.100	0.100
>ACAGCACAGC	11-ACAGCACAGC	4.469371	-33.394302	0	T:1405.0(60.07%),B:17923.4(52.03%),P:1e-14	Tpos:99.3,Tstd:57.0,Bpos:99.2,Bstd:98.0,StrandBias:0.1,Multiplicity:1.34
0.703	0.085	0.102	0.110
0.099	0.695	0.102	0.104
0.673	0.102	0.113	0.112
0.105	0.109	0.701	0.085
0.106	0.690	0.101	0.103
0.733	0.101	0.080	0.086
0.105	0.695	0.088	0.112
0.697	0.089	0.101	0.113
0.097	0.104	0.709	0.090
0.094	0.704	0.106	0.096
>THCWVTCCRV	12-THCWVTCCRV	5.165858	-31.251584	0	T:391.0(16.72%),B:3946.6(11.46%),P:1e-13	Tpos:102.2,Tstd:56.4,Bpos:97.2,Bstd:102.0,StrandBias:-0.1,Multiplicity:1.12
0.021	0.317	0.190	0.472
0.249	0.305	0.131	0.316
0.023	0.948	0.017	0.012
0.370	0.138	0.193	0.300
0.260	0.318	0.410	0.012
0.019	0.019	0.323	0.639
0.016	0.539	0.239	0.206
0.173	0.485	0.021	0.321
0.394	0.225	0.279	0.103
0.340	0.350	0.277	0.033
>GGCATCCAAC	13-GGCATCCAAC	10.747170	-30.722644	0	T:20.0(0.86%),B:29.6(0.09%),P:1e-13	Tpos:97.5,Tstd:24.2,Bpos:104.2,Bstd:49.4,StrandBias:0.2,Multiplicity:1.00
0.001	0.001	0.997	0.001
0.049	0.001	0.949	0.001
0.001	0.997	0.001	0.001
0.997	0.001	0.001	0.001
0.001	0.071	0.001	0.927
0.001	0.997	0.001	0.001
0.001	0.997	0.001	0.001
0.997	0.001	0.001	0.001
0.997	0.001	0.001	0.001
0.001	0.997	0.001	0.001
>CCAACTGCTT	14-CCAACTGCTT	11.834332	-28.753782	0	T:26.0(1.11%),B:60.5(0.18%),P:1e-12	Tpos:88.9,Tstd:34.6,Bpos:105.6,Bstd:57.4,StrandBias:-0.4,Multiplicity:1.00
0.001	0.997	0.001	0.001
0.001	0.997	0.001	0.001
0.997	0.001	0.001	0.001
0.668	0.330	0.001	0.001
0.001	0.997	0.001	0.001
0.301	0.001	0.001	0.697
0.001	0.001	0.997	0.001
0.001	0.997	0.001	0.001
0.001	0.001	0.330	0.668
0.001	0.001	0.001	0.997
>CTCATCTCAT	15-CTCATCTCAT	7.868044	-26.362332	0	T:95.0(4.06%),B:635.6(1.85%),P:1e-11	Tpos:106.2,Tstd:60.2,Bpos:94.9,Bstd:96.7,StrandBias:0.4,Multiplicity:1.53
0.016	0.887	0.044	0.053
0.112	0.092	0.067	0.729
0.060	0.867	0.047	0.026
0.846	0.067	0.036	0.051
0.161	0.097	0.091	0.651
0.057	0.796	0.104	0.043
0.004	0.061	0.068	0.867
0.066	0.818	0.058	0.058
0.877	0.048	0.052	0.023
0.202	0.049	0.077	0.672
>TTCTACTAAC	16-TTCTACTAAC	10.296193	-24.975032	0	T:17.0(0.73%),B:27.8(0.08%),P:1e-10	Tpos:111.5,Tstd:46.4,Bpos:70.8,Bstd:79.0,StrandBias:-0.2,Multiplicity:1.00
0.100	0.100	0.100	0.700
0.100	0.100	0.100	0.700
0.100	0.700	0.100	0.100
0.100	0.100	0.100	0.700
0.700	0.100	0.100	0.100
0.100	0.700	0.100	0.100
0.100	0.100	0.100	0.700
0.700	0.100	0.100	0.100
0.700	0.100	0.100	0.100
0.100	0.700	0.100	0.100
>AGASAGAGAG	17-AGASAGAGAG	6.790021	-24.494317	0	T:348.0(14.88%),B:3605.3(10.47%),P:1e-10	Tpos:102.2,Tstd:57.3,Bpos:96.5,Bstd:100.3,StrandBias:-0.2,Multiplicity:1.20
0.828	0.001	0.170	0.001
0.128	0.001	0.672	0.199
0.604	0.001	0.193	0.202
0.124	0.472	0.403	0.001
0.742	0.001	0.001	0.256
0.001	0.077	0.783	0.139
0.744	0.001	0.105	0.150
0.127	0.219	0.653	0.001
0.695	0.001	0.001	0.303
0.001	0.246	0.704	0.049
>AATTAATTVA	18-AATTAATTVA	11.385706	-23.829390	0	T:19.0(0.81%),B:38.9(0.11%),P:1e-10	Tpos:100.9,Tstd:17.9,Bpos:102.7,Bstd:74.0,StrandBias:0.4,Multiplicity:1.00
0.813	0.034	0.065	0.088
0.881	0.083	0.001	0.035
0.025	0.001	0.028	0.946
0.084	0.001	0.011	0.904
0.962	0.027	0.010	0.001
0.883	0.018	0.044	0.055
0.008	0.032	0.087	0.873
0.049	0.269	0.009	0.673
0.410	0.293	0.282	0.016
0.670	0.029	0.282	0.019
>ACRGTAAATA	19-ACRGTAAATA	6.498811	-23.319960	0	T:292.0(12.48%),B:2941.7(8.54%),P:1e-10	Tpos:105.4,Tstd:57.2,Bpos:101.2,Bstd:95.3,StrandBias:0.0,Multiplicity:1.08
0.532	0.138	0.257	0.073
0.021	0.603	0.362	0.014
0.371	0.001	0.500	0.128
0.002	0.037	0.940	0.021
0.002	0.001	0.119	0.878
0.906	0.075	0.018	0.001
0.583	0.147	0.001	0.269
0.485	0.046	0.330	0.139
0.208	0.065	0.001	0.726
0.976	0.001	0.001	0.022
>CAATTCAATT	20-CAATTCAATT	11.509010	-22.664844	0	T:18.0(0.77%),B:36.8(0.11%),P:1e-9	Tpos:102.5,Tstd:22.6,Bpos:132.5,Bstd:73.4,StrandBias:0.9,Multiplicity:1.11
0.001	0.591	0.001	0.407
0.967	0.001	0.016	0.016
0.728	0.078	0.193	0.001
0.016	0.031	0.081	0.872
0.025	0.040	0.085	0.850
0.001	0.539	0.377	0.083
0.912	0.001	0.062	0.025
0.810	0.102	0.072	0.016
0.001	0.021	0.047	0.931
0.037	0.016	0.116	0.831
>ATACTAAGGA	21-ATACTAAGGA	10.590375	-21.481117	0	T:25.0(1.07%),B:78.8(0.23%),P:1e-9	Tpos:106.8,Tstd:65.4,Bpos:83.1,Bstd:71.5,StrandBias:0.0,Multiplicity:1.00
0.541	0.001	0.270	0.188
0.001	0.001	0.221	0.777
0.810	0.188	0.001	0.001
0.001	0.997	0.001	0.001
0.001	0.001	0.001	0.997
0.872	0.001	0.126	0.001
0.897	0.001	0.045	0.057
0.001	0.001	0.997	0.001
0.001	0.001	0.997	0.001
0.997	0.001	0.001	0.001
>CAAGTCAAAA	22-CAAGTCAAAA	11.005684	-21.425370	0	T:19.0(0.81%),B:44.2(0.13%),P:1e-9	Tpos:106.4,Tstd:24.6,Bpos:126.3,Bstd:74.9,StrandBias:-0.5,Multiplicity:1.00
0.001	0.997	0.001	0.001
0.997	0.001	0.001	0.001
0.939	0.059	0.001	0.001
0.001	0.001	0.997	0.001
0.001	0.001	0.001	0.997
0.001	0.997	0.001	0.001
0.997	0.001	0.001	0.001
0.997	0.001	0.001	0.001
0.997	0.001	0.001	0.001
0.997	0.001	0.001	0.001
>CYMTCYCTCT	23-CYMTCYCTCT	7.763708	-18.454456	0	T:193.0(8.25%),B:1866.8(5.42%),P:1e-8	Tpos:92.1,Tstd:56.1,Bpos:104.2,Bstd:104.4,StrandBias:0.2,Multiplicity:1.06
0.147	0.851	0.001	0.001
0.001	0.366	0.209	0.424
0.427	0.538	0.001	0.034
0.001	0.001	0.273	0.725
0.001	0.545	0.380	0.074
0.001	0.434	0.001	0.564
0.001	0.956	0.042	0.001
0.001	0.001	0.201	0.797
0.221	0.469	0.309	0.001
0.001	0.001	0.395	0.603
>TATTATTATT	24-TATTATTATT	9.518757	-5.041881	0	T:24.0(1.03%),B:200.2(0.58%),P:1e-2	Tpos:85.6,Tstd:55.4,Bpos:102.9,Bstd:78.4,StrandBias:1.1,Multiplicity:1.30
0.001	0.001	0.001	0.997
0.997	0.001	0.001	0.001
0.001	0.001	0.051	0.947
0.016	0.001	0.001	0.982
0.875	0.001	0.001	0.123
0.001	0.001	0.001	0.997
0.001	0.001	0.001	0.997
0.997	0.001	0.001	0.001
0.001	0.001	0.001	0.997
0.001	0.001	0.001	0.997
>ATWAKHATAA	25-ATWAKHATAA	8.985520	-3.835833	0	T:5.0(0.21%),B:23.7(0.07%),P:1e-1	Tpos:80.2,Tstd:46.6,Bpos:107.7,Bstd:46.3,StrandBias:-2.0,Multiplicity:1.00
0.574	0.169	0.093	0.164
0.001	0.001	0.048	0.950
0.389	0.001	0.139	0.471
0.983	0.001	0.001	0.015
0.133	0.001	0.478	0.387
0.244	0.296	0.093	0.366
0.533	0.118	0.322	0.027
0.001	0.052	0.140	0.807
0.662	0.001	0.001	0.336
0.748	0.155	0.096	0.001
>SWNSWCTABNCT	1-SWNSWCTABNCT	5.231674	-78.161873	0	T:1032.0(44.12%),B:11022.2(31.99%),P:1e-33	Tpos:102.9,Tstd:61.0,Bpos:98.0,Bstd:96.8,StrandBias:-0.0,Multiplicity:1.34
0.224	0.458	0.317	0.001
0.351	0.241	0.001	0.407
0.310	0.189	0.298	0.203
0.014	0.447	0.306	0.233
0.294	0.222	0.080	0.403
0.201	0.529	0.269	0.001
0.001	0.181	0.001	0.817
0.455	0.144	0.264	0.138
0.001	0.381	0.280	0.338
0.310	0.208	0.168	0.314
0.024	0.629	0.338	0.009
0.081	0.001	0.001	0.917
>CCAATTATAAGT	2-CCAATTATAAGT	12.355432	-68.354275	0	T:15.0(0.64%),B:1.6(0.00%),P:1e-29	Tpos:93.6,Tstd:90.2,Bpos:118.3,Bstd:18.7,StrandBias:0.2,Multiplicity:1.00
0.100	0.700	0.100	0.100
0.100	0.700	0.100	0.100
0.700	0.100	0.100	0.100
0.700	0.100	0.100	0.100
0.100	0.100	0.100	0.700
0.100	0.100	0.100	0.700
0.700	0.100	0.100	0.100
0.100	0.100	0.100	0.700
0.700	0.100	0.100	0.100
0.700	0.100	0.100	0.100
0.100	0.100	0.700	0.100
0.100	0.100	0.100	0.700
>AAGTCAGAAGAA	3-AAGTCAGAAGAA	12.355432	-58.020290	0	T:15.0(0.64%),B:2.1(0.01%),P:1e-25	Tpos:94.5,Tstd:77.2,Bpos:87.2,Bstd:19.4,StrandBias:0.2,Multiplicity:1.00
0.700	0.100	0.100	0.100
0.700	0.100	0.100	0.100
0.100	0.100	0.700	0.100
0.100	0.100	0.100	0.700
0.100	0.700	0.100	0.100
0.700	0.100	0.100	0.100
0.100	0.100	0.700	0.100
0.700	0.100	0.100	0.100
0.700	0.100	0.100	0.100
0.100	0.100	0.700	0.100
0.700	0.100	0.100	0.100
0.700	0.100	0.100	0.100
>ACCAAGGAGAAC	4-ACCAAGGAGAAC	12.355432	-58.020290	0	T:15.0(0.64%),B:2.8(0.01%),P:1e-25	Tpos:95.3,Tstd:65.3,Bpos:71.4,Bstd:19.2,StrandBias:0.2,Multiplicity:1.00
0.700	0.100	0.100	0.100
0.100	0.700	0.100	0.100
0.100	0.700	0.100	0.100
0.700	0.100	0.100	0.100
0.700	0.100	0.100	0.100
0.100	0.100	0.700	0.100
0.100	0.100	0.700	0.100
0.700	0.100	0.100	0.100
0.100	0.100	0.700	0.100
0.700	0.100	0.100	0.100
0.700	0.100	0.100	0.100
0.100	0.700	0.100	0.100
>CTAGTGAATCCA	5-CTAGTGAATCCA	12.355432	-47.749485	0	T:15.0(0.64%),B:4.1(0.01%),P:1e-20	Tpos:97.4,Tstd:33.3,Bpos:113.5,Bstd:46.5,StrandBias:0.2,Multiplicity:1.00
0.100	0.700	0.100	0.100
0.100	0.100	0.100	0.700
0.700	0.100	0.100	0.100
0.100	0.100	0.700	0.100
0.100	0.100	0.100	0.700
0.100	0.100	0.700	0.100
0.700	0.100	0.100	0.100
0.700	0.100	0.100	0.100
0.100	0.100	0.100	0.700
0.100	0.700	0.100	0.100
0.100	0.700	0.100	0.100
0.700	0.100	0.100	0.100
>GTRTGNGTGWGT	6-GTRTGNGTGWGT	5.131595	-46.575910	0	T:754.0(32.24%),B:8174.3(23.73%),P:1e-20	Tpos:101.7,Tstd:57.6,Bpos:100.0,Bstd:99.6,StrandBias:0.3,Multiplicity:1.20
0.036	0.001	0.939	0.024
0.001	0.097	0.084	0.818
0.489	0.024	0.438	0.049
0.074	0.318	0.015	0.593
0.026	0.072	0.887	0.015
0.304	0.165	0.234	0.298
0.355	0.072	0.548	0.025
0.055	0.196	0.182	0.567
0.066	0.121	0.768	0.045
0.395	0.125	0.123	0.357
0.172	0.072	0.719	0.037
0.048	0.049	0.001	0.902
>ACAATTCAATTA	7-ACAATTCAATTA	12.355432	-44.465512	0	T:15.0(0.64%),B:5.3(0.02%),P:1e-19	Tpos:98.2,Tstd:21.4,Bpos:99.9,Bstd:50.2,StrandBias:0.2,Multiplicity:1.00
0.700	0.100	0.100	0.100
0.100	0.700	0.100	0.100
0.700	0.100	0.100	0.100
0.700	0.100	0.100	0.100
0.100	0.100	0.100	0.700
0.100	0.100	0.100	0.700
0.100	0.700	0.100	0.100
0.700	0.100	0.100	0.100
0.700	0.100	0.100	0.100
0.100	0.100	0.100	0.700
0.100	0.100	0.100	0.700
0.700	0.100	0.100	0.100
>CCAACAGCTTCA	8-CCAACAGCTTCA	13.802768	-39.536991	0	T:18.0(0.77%),B:13.2(0.04%),P:1e-17	Tpos:89.6,Tstd:24.6,Bpos:100.7,Bstd:60.7,StrandBias:0.0,Multiplicity:1.00
0.001	0.997	0.001	0.001
0.065	0.933	0.001	0.001
0.997	0.001	0.001	0.001
0.997	0.001	0.001	0.001
0.001	0.997	0.001	0.001
0.997	0.001	0.001	0.001
0.001	0.001	0.997	0.001
0.001	0.997	0.001	0.001
0.001	0.001	0.001	0.997
0.001	0.001	0.001	0.997
0.001	0.933	0.065	0.001
0.997	0.001	0.001	0.001
>CATCCAACGACA	9-CATCCAACGACA	12.355432	-34.762006	0	T:16.0(0.68%),B:13.0(0.04%),P:1e-15	Tpos:107.1,Tstd:34.2,Bpos:106.4,Bstd:58.5,StrandBias:0.0,Multiplicity:1.00
0.100	0.700	0.100	0.100
0.700	0.100	0.100	0.100
0.100	0.100	0.100	0.700
0.100	0.700	0.100	0.100
0.100	0.700	0.100	0.100
0.700	0.100	0.100	0.100
0.700	0.100	0.100	0.100
0.100	0.700	0.100	0.100
0.100	0.100	0.700	0.100
0.700	0.100	0.100	0.100
0.100	0.700	0.100	0.100
0.700	0.100	0.100	0.100
>CTBTGCATCYCT	10-CTBTGCATCYCT	7.735599	-34.647544	0	T:216.0(9.23%),B:1789.7(5.19%),P:1e-15	Tpos:106.3,Tstd:53.3,Bpos:97.6,Bstd:97.4,StrandBias:0.5,Multiplicity:1.05
0.203	0.764	0.032	0.001
0.001	0.001	0.331	0.667
0.033	0.252	0.384	0.332
0.186	0.001	0.032	0.781
0.136	0.301	0.464	0.099
0.001	0.620	0.085	0.294
0.519	0.177	0.001	0.303
0.001	0.304	0.001	0.694
0.001	0.605	0.393	0.001
0.001	0.564	0.001	0.434
0.034	0.951	0.014	0.001
0.035	0.001	0.065	0.899
>WTACTTAYYTAK	11-WTACTTAYYTAK	12.085143	-33.544627	0	T:16.0(0.68%),B:13.5(0.04%),P:1e-14	Tpos:94.4,Tstd:44.7,Bpos:92.6,Bstd:62.8,StrandBias:0.0,Multiplicity:1.00
0.574	0.001	0.001	0.424
0.002	0.186	0.186	0.626
0.997	0.001	0.001	0.001
0.001	0.992	0.001	0.006
0.001	0.011	0.188	0.800
0.001	0.001	0.001	0.997
0.605	0.011	0.198	0.186
0.001	0.409	0.186	0.404
0.186	0.416	0.001	0.397
0.011	0.011	0.001	0.977
0.988	0.001	0.001	0.010
0.001	0.197	0.409	0.393
>TGTCTGTCTGTG	12-TGTCTGTCTGTG	5.833636	-32.590961	0	T:378.0(16.16%),B:3748.5(10.88%),P:1e-14	Tpos:99.3,Tstd:60.1,Bpos:101.1,Bstd:101.7,StrandBias:-0.2,Multiplicity:1.15
0.021	0.035	0.036	0.908
0.001	0.074	0.905	0.020
0.057	0.020	0.001	0.922
0.001	0.697	0.282	0.020
0.040	0.001	0.001	0.958
0.009	0.021	0.891	0.079
0.062	0.036	0.041	0.861
0.053	0.540	0.319	0.088
0.040	0.001	0.001	0.958
0.041	0.061	0.866	0.032
0.021	0.031	0.036	0.912
0.016	0.186	0.593	0.205
>SAATTAATTAAT	13-SAATTAATTAAT	15.079741	-32.205634	0	T:17.0(0.73%),B:17.1(0.05%),P:1e-13	Tpos:102.8,Tstd:18.0,Bpos:92.5,Bstd:44.5,StrandBias:0.5,Multiplicity:1.00
0.001	0.373	0.427	0.198
0.583	0.001	0.415	0.001
0.997	0.001	0.001	0.001
0.001	0.001	0.001	0.997
0.001	0.001	0.001	0.997
0.997	0.001	0.001	0.001
0.997	0.001	0.001	0.001
0.001	0.001	0.001	0.997
0.001	0.001	0.001	0.997
0.997	0.001	0.001	0.001
0.997	0.001	0.001	0.001
0.001	0.001	0.001	0.997
>TCTAGTCTAGTC	14-TCTAGTCTAGTC	4.625931	-31.037167	0	T:1094.0(46.77%),B:13476.2(39.12%),P:1e-13	Tpos:99.5,Tstd:55.3,Bpos:101.1,Bstd:90.7,StrandBias:0.1,Multiplicity:1.28
0.077	0.102	0.086	0.735
0.085	0.682	0.103	0.130
0.116	0.111	0.092	0.681
0.599	0.106	0.131	0.164
0.108	0.113	0.649	0.130
0.088	0.116	0.090	0.706
0.089	0.693	0.096	0.122
0.136	0.136	0.087	0.641
0.599	0.108	0.131	0.162
0.113	0.096	0.654	0.137
0.108	0.130	0.092	0.670
0.081	0.689	0.104	0.126
>ATCGGTGGTAAG	15-ATCGGTGGTAAG	8.993794	-30.870068	0	T:30.0(1.28%),B:75.7(0.22%),P:1e-13	Tpos:114.8,Tstd:65.4,Bpos:76.4,Bstd:61.4,StrandBias:0.0,Multiplicity:1.00
0.997	0.001	0.001	0.001
0.001	0.001	0.001	0.997
0.001	0.760	0.001	0.238
0.001	0.001	0.997	0.001
0.001	0.001	0.997	0.001
0.001	0.001	0.001	0.997
0.267	0.001	0.731	0.001
0.001	0.113	0.885	0.001
0.001	0.001	0.001	0.997
0.997	0.001	0.001	0.001
0.844	0.001	0.154	0.001
0.001	0.001	0.997	0.001
>TTGGGTTAACCC	16-TTGGGTTAACCC	6.706029	-29.109467	0	T:140.0(5.99%),B:1056.6(3.07%),P:1e-12	Tpos:105.3,Tstd:59.3,Bpos:101.5,Bstd:90.2,StrandBias:0.0,Multiplicity:1.04
0.115	0.102	0.114	0.669
0.062	0.086	0.134	0.718
0.115	0.052	0.692	0.141
0.048	0.162	0.654	0.136
0.091	0.100	0.643	0.166
0.127	0.088	0.114	0.671
0.135	0.120	0.105	0.640
0.580	0.102	0.178	0.140
0.628	0.104	0.118	0.150
0.203	0.585	0.120	0.092
0.112	0.682	0.144	0.062
0.158	0.620	0.068	0.154
>AAGCCAAGCCCA	17-AAGCCAAGCCCA	9.068771	-26.464212	0	T:114.0(4.87%),B:824.3(2.39%),P:1e-11	Tpos:101.0,Tstd:58.5,Bpos:99.1,Bstd:119.1,StrandBias:-0.7,Multiplicity:1.30
0.827	0.090	0.050	0.033
0.716	0.030	0.181	0.073
0.065	0.143	0.701	0.091
0.001	0.926	0.057	0.016
0.056	0.927	0.001	0.016
0.925	0.051	0.001	0.023
0.891	0.025	0.079	0.005
0.116	0.042	0.791	0.051
0.082	0.795	0.072	0.051
0.041	0.821	0.045	0.093
0.140	0.799	0.001	0.060
0.886	0.028	0.057	0.029
>TGAGTTGCGCTG	18-TGAGTTGCGCTG	9.730705	-23.275223	0	T:29.0(1.24%),B:97.0(0.28%),P:1e-10	Tpos:67.9,Tstd:55.5,Bpos:115.6,Bstd:79.7,StrandBias:-0.6,Multiplicity:1.04
0.037	0.030	0.030	0.903
0.023	0.060	0.841	0.076
0.626	0.212	0.092	0.070
0.060	0.049	0.778	0.113
0.072	0.074	0.139	0.715
0.001	0.001	0.001	0.997
0.001	0.030	0.849	0.120
0.070	0.842	0.058	0.030
0.001	0.030	0.951	0.018
0.109	0.620	0.060	0.211
0.001	0.029	0.001	0.969
0.001	0.001	0.920	0.078
>GTATATCCAGTC	19-GTATATCCAGTC	7.991714	-22.601778	0	T:39.0(1.67%),B:170.4(0.49%),P:1e-9	Tpos:108.4,Tstd:69.5,Bpos:95.2,Bstd:85.0,StrandBias:0.1,Multiplicity:1.00
0.007	0.224	0.622	0.147
0.104	0.004	0.243	0.649
0.439	0.124	0.212	0.224
0.159	0.209	0.199	0.434
0.539	0.247	0.010	0.204
0.173	0.162	0.134	0.531
0.219	0.737	0.022	0.022
0.178	0.537	0.281	0.004
0.650	0.012	0.146	0.192
0.155	0.209	0.462	0.174
0.024	0.183	0.018	0.775
0.021	0.588	0.206	0.185
>CYTTCTACGGTC	20-CYTTCTACGGTC	12.589960	-22.213661	0	T:20.0(0.86%),B:47.6(0.14%),P:1e-9	Tpos:113.2,Tstd:54.4,Bpos:58.0,Bstd:52.9,StrandBias:0.3,Multiplicity:1.00
0.122	0.702	0.175	0.001
0.001	0.428	0.001	0.570
0.001	0.001	0.001	0.997
0.001	0.001	0.001	0.997
0.001	0.997	0.001	0.001
0.001	0.338	0.001	0.660
0.997	0.001	0.001	0.001
0.327	0.506	0.162	0.005
0.001	0.381	0.617	0.001
0.001	0.001	0.675	0.323
0.001	0.001	0.001	0.997
0.001	0.997	0.001	0.001
>AGARAGAGAGAG	21-AGARAGAGAGAG	7.284419	-15.332145	0	T:283.0(12.10%),B:3086.9(8.96%),P:1e-6	Tpos:97.2,Tstd:51.2,Bpos:96.2,Bstd:87.8,StrandBias:-0.3,Multiplicity:1.12
0.636	0.310	0.001	0.053
0.157	0.001	0.795	0.047
0.555	0.094	0.324	0.027
0.343	0.046	0.431	0.179
0.823	0.001	0.021	0.155
0.122	0.001	0.728	0.149
0.681	0.173	0.001	0.145
0.302	0.046	0.603	0.049
0.972	0.001	0.001	0.026
0.295	0.001	0.641	0.063
0.941	0.001	0.016	0.042
0.181	0.091	0.727	0.001
>TAWTAWTAWTAH	22-TAWTAWTAWTAH	8.725356	-6.543516	0	T:16.0(0.68%),B:98.3(0.29%),P:1e-2	Tpos:95.0,Tstd:60.2,Bpos:105.2,Bstd:73.5,StrandBias:0.8,Multiplicity:1.13
0.242	0.283	0.010	0.464
0.802	0.045	0.100	0.053
0.449	0.019	0.130	0.402
0.287	0.207	0.054	0.452
0.825	0.047	0.078	0.050
0.298	0.159	0.174	0.369
0.048	0.046	0.043	0.863
0.634	0.232	0.058	0.076
0.427	0.023	0.001	0.549
0.232	0.249	0.032	0.487
0.552	0.201	0.019	0.228
0.307	0.315	0.016	0.362
>ATTATTATAATT	23-ATTATTATAATT	15.885965	-5.905550	0	T:3.0(0.13%),B:4.3(0.01%),P:1e-2	Tpos:93.3,Tstd:50.2,Bpos:131.6,Bstd:54.1,StrandBias:-10.0,Multiplicity:1.00
0.997	0.001	0.001	0.001
0.001	0.001	0.001	0.997
0.147	0.001	0.001	0.851
0.997	0.001	0.001	0.001
0.001	0.001	0.001	0.997
0.317	0.001	0.001	0.681
0.997	0.001	0.001	0.001
0.001	0.001	0.001	0.997
0.925	0.001	0.001	0.073
0.997	0.001	0.001	0.001
0.001	0.001	0.001	0.997
0.095	0.001	0.001	0.903
>ATWAWWATWATW	24-ATWAWWATWATW	11.118910	-4.789105	0	T:3.0(0.13%),B:6.0(0.02%),P:1e-2	Tpos:67.3,Tstd:55.8,Bpos:118.7,Bstd:22.4,StrandBias:-1.0,Multiplicity:1.00
0.655	0.001	0.299	0.045
0.191	0.077	0.088	0.644
0.382	0.036	0.168	0.414
0.839	0.044	0.115	0.002
0.528	0.087	0.001	0.384
0.566	0.001	0.001	0.432
0.865	0.045	0.001	0.089
0.246	0.033	0.044	0.677
0.526	0.001	0.043	0.430
0.902	0.044	0.027	0.027
0.035	0.043	0.001	0.921
0.447	0.045	0.037	0.470
>ATTAATTAACTA	25-ATTAATTAACTA	13.815664	-4.641669	0	T:4.0(0.17%),B:12.9(0.04%),P:1e-2	Tpos:93.9,Tstd:17.0,Bpos:78.8,Bstd:54.5,StrandBias:0.8,Multiplicity:1.33
0.997	0.001	0.001	0.001
0.001	0.296	0.001	0.702
0.307	0.001	0.001	0.691
0.997	0.001	0.001	0.001
0.997	0.001	0.001	0.001
0.001	0.001	0.296	0.702
0.001	0.001	0.001	0.997
0.997	0.001	0.001	0.001
0.997	0.001	0.001	0.001
0.001	0.604	0.001	0.394
0.001	0.001	0.296	0.702
0.997	0.001	0.001	0.001
>AGTSTGAS	1-AGTSTGAS	5.256139	-63.505831	0	T:1065.0(45.53%),B:11889.0(34.51%),P:1e-27	Tpos:97.7,Tstd:58.7,Bpos:99.3,Bstd:99.1,StrandBias:-0.0,Multiplicity:1.28
0.637	0.001	0.216	0.146
0.001	0.055	0.866	0.078
0.219	0.125	0.234	0.422
0.001	0.483	0.515	0.001
0.342	0.001	0.060	0.597
0.249	0.063	0.687	0.001
0.997	0.001	0.001	0.001
0.115	0.377	0.507	0.001
>CTATACTC	2-CTATACTC	4.632985	-54.753114	0	T:1210.0(51.73%),B:14224.8(41.29%),P:1e-23	Tpos:102.3,Tstd:60.6,Bpos:99.2,Bstd:93.5,StrandBias:-0.0,Multiplicity:1.43
0.048	0.777	0.120	0.055
0.086	0.096	0.053	0.765
0.685	0.146	0.078	0.091
0.082	0.090	0.030	0.798
0.723	0.102	0.084	0.091
0.028	0.819	0.094	0.059
0.106	0.116	0.085	0.693
0.114	0.745	0.127	0.014
>CTGTACTG	3-CTGTACTG	6.414843	-52.949026	0	T:387.0(16.55%),B:3396.7(9.86%),P:1e-22	Tpos:103.1,Tstd:63.2,Bpos:101.8,Bstd:99.4,StrandBias:-0.1,Multiplicity:1.17
0.001	0.938	0.036	0.025
0.030	0.001	0.001	0.968
0.022	0.001	0.949	0.028
0.001	0.110	0.073	0.816
0.658	0.039	0.099	0.204
0.001	0.963	0.035	0.001
0.034	0.001	0.024	0.941
0.001	0.039	0.959	0.001
>AGGCTAGG	4-AGGCTAGG	4.732242	-48.699380	0	T:1102.0(47.11%),B:12890.5(37.42%),P:1e-21	Tpos:101.4,Tstd:59.4,Bpos:100.4,Bstd:109.3,StrandBias:-0.2,Multiplicity:1.63
0.717	0.001	0.207	0.075
0.014	0.081	0.873	0.032
0.196	0.244	0.406	0.153
0.153	0.538	0.165	0.144
0.219	0.242	0.001	0.538
0.579	0.001	0.186	0.234
0.062	0.027	0.799	0.112
0.129	0.147	0.549	0.175
>SCTWASCC	5-SCTWASCC	3.581371	-47.396045	0	T:968.0(41.39%),B:11056.6(32.09%),P:1e-20	Tpos:101.2,Tstd:58.4,Bpos:100.0,Bstd:98.2,StrandBias:-0.0,Multiplicity:1.28
0.001	0.440	0.395	0.164
0.247	0.422	0.109	0.221
0.158	0.204	0.135	0.503
0.414	0.044	0.183	0.359
0.587	0.010	0.156	0.247
0.042	0.387	0.398	0.173
0.228	0.530	0.224	0.018
0.188	0.406	0.225	0.182
>GGGTAGAC	6-GGGTAGAC	4.999004	-41.993426	0	T:724.0(30.95%),B:7920.6(22.99%),P:1e-18	Tpos:100.0,Tstd:60.7,Bpos:96.6,Bstd:101.0,StrandBias:0.1,Multiplicity:1.13
0.068	0.028	0.847	0.057
0.091	0.047	0.778	0.084
0.139	0.109	0.679	0.073
0.083	0.054	0.108	0.755
0.656	0.038	0.145	0.161
0.092	0.097	0.717	0.094
0.798	0.051	0.066	0.085
0.071	0.777	0.121	0.031
>GTGTGTGT	7-GTGTGTGT	4.791879	-41.360659	0	T:1048.0(44.81%),B:12394.6(35.98%),P:1e-17	Tpos:99.1,Tstd:60.5,Bpos:99.0,Bstd:103.3,StrandBias:-0.0,Multiplicity:1.45
0.060	0.124	0.739	0.077
0.118	0.064	0.136	0.682
0.015	0.126	0.819	0.040
0.111	0.038	0.060	0.791
0.087	0.074	0.804	0.035
0.119	0.069	0.095	0.717
0.107	0.120	0.723	0.050
0.064	0.105	0.102	0.729
>TWTARCGT	8-TWTARCGT	2.796824	-29.699323	0	T:244.0(10.43%),B:2205.3(6.40%),P:1e-12	Tpos:110.7,Tstd:57.2,Bpos:96.2,Bstd:79.2,StrandBias:0.3,Multiplicity:1.05
0.001	0.001	0.001	0.997
0.494	0.123	0.001	0.382
0.001	0.001	0.001	0.997
0.997	0.001	0.001	0.001
0.484	0.001	0.514	0.001
0.001	0.604	0.394	0.001
0.001	0.001	0.997	0.001
0.001	0.001	0.001	0.997
>CCACAGTA	9-CCACAGTA	6.374444	-28.777846	0	T:344.0(14.71%),B:3431.4(9.96%),P:1e-12	Tpos:96.2,Tstd:59.5,Bpos:98.9,Bstd:96.4,StrandBias:0.2,Multiplicity:1.12
0.021	0.868	0.110	0.001
0.162	0.815	0.001	0.022
0.778	0.019	0.045	0.158
0.001	0.910	0.061	0.028
0.900	0.032	0.018	0.050
0.017	0.001	0.981	0.001
0.034	0.001	0.001	0.964
0.783	0.021	0.100	0.096
>GCATGCAA	10-GCATGCAA	7.531949	-24.768037	0	T:132.0(5.64%),B:1038.2(3.01%),P:1e-10	Tpos:101.5,Tstd:52.4,Bpos:105.0,Bstd:96.0,StrandBias:0.5,Multiplicity:1.03
0.001	0.037	0.942	0.020
0.073	0.909	0.017	0.001
0.886	0.040	0.035	0.039
0.001	0.001	0.022	0.976
0.029	0.237	0.733	0.001
0.052	0.855	0.092	0.001
0.959	0.001	0.017	0.023
0.797	0.021	0.001	0.181
>TACACTGC	11-TACACTGC	6.810250	-22.953653	0	T:279.0(11.93%),B:2791.4(8.10%),P:1e-9	Tpos:99.0,Tstd:58.4,Bpos:103.9,Bstd:96.6,StrandBias:-0.1,Multiplicity:1.03
0.058	0.152	0.030	0.760
0.858	0.069	0.050	0.023
0.001	0.945	0.013	0.041
0.794	0.012	0.174	0.020
0.077	0.921	0.001	0.001
0.075	0.044	0.040	0.841
0.050	0.001	0.948	0.001
0.010	0.976	0.001	0.013
>GTCCGGTC	12-GTCCGGTC	6.687195	-22.198465	0	T:160.0(6.84%),B:1394.6(4.05%),P:1e-9	Tpos:103.8,Tstd:52.1,Bpos:95.1,Bstd:108.1,StrandBias:0.5,Multiplicity:1.03
0.060	0.062	0.839	0.039
0.001	0.001	0.001	0.997
0.030	0.922	0.001	0.047
0.046	0.898	0.055	0.001
0.001	0.072	0.616	0.311
0.067	0.001	0.877	0.055
0.001	0.064	0.001	0.934
0.001	0.908	0.029	0.062
>TTATCTAG	13-TTATCTAG	8.947654	-20.582243	0	T:61.0(2.61%),B:374.4(1.09%),P:1e-8	Tpos:98.6,Tstd:46.9,Bpos:101.1,Bstd:88.6,StrandBias:-0.4,Multiplicity:1.06
0.001	0.001	0.001	0.997
0.001	0.001	0.001	0.997
0.997	0.001	0.001	0.001
0.001	0.212	0.001	0.786
0.001	0.846	0.152	0.001
0.001	0.001	0.001	0.997
0.997	0.001	0.001	0.001
0.001	0.001	0.997	0.001
>CCCTACTA	14-CCCTACTA	10.653071	-17.110957	0	T:35.0(1.50%),B:175.9(0.51%),P:1e-7	Tpos:104.0,Tstd:66.8,Bpos:85.8,Bstd:71.8,StrandBias:-0.3,Multiplicity:1.00
0.001	0.997	0.001	0.001
0.001	0.997	0.001	0.001
0.001	0.997	0.001	0.001
0.001	0.001	0.001	0.997
0.704	0.001	0.001	0.294
0.001	0.997	0.001	0.001
0.001	0.001	0.064	0.934
0.997	0.001	0.001	0.001
>CATCTCAT	15-CATCTCAT	8.305322	-16.339919	0	T:87.0(3.72%),B:692.4(2.01%),P:1e-7	Tpos:108.0,Tstd:62.6,Bpos:99.6,Bstd:86.9,StrandBias:0.4,Multiplicity:1.35
0.001	0.997	0.001	0.001
0.923	0.075	0.001	0.001
0.001	0.001	0.001	0.997
0.001	0.997	0.001	0.001
0.001	0.001	0.001	0.997
0.001	0.997	0.001	0.001
0.997	0.001	0.001	0.001
0.160	0.001	0.001	0.838
>ACTAACGT	16-ACTAACGT	8.932252	-14.371347	0	T:38.0(1.62%),B:224.4(0.65%),P:1e-6	Tpos:109.9,Tstd:56.6,Bpos:87.3,Bstd:83.5,StrandBias:0.4,Multiplicity:1.00
0.997	0.001	0.001	0.001
0.001	0.997	0.001	0.001
0.001	0.001	0.001	0.997
0.997	0.001	0.001	0.001
0.880	0.001	0.001	0.118
0.001	0.997	0.001	0.001
0.001	0.001	0.997	0.001
0.001	0.001	0.001	0.997
>TATCCCGT	17-TATCCCGT	8.965869	-14.338112	0	T:75.0(3.21%),B:596.1(1.73%),P:1e-6	Tpos:112.0,Tstd:63.0,Bpos:102.8,Bstd:83.1,StrandBias:-0.3,Multiplicity:1.02
0.001	0.001	0.001	0.997
0.997	0.001	0.001	0.001
0.001	0.001	0.001	0.997
0.294	0.704	0.001	0.001
0.001	0.657	0.001	0.341
0.370	0.628	0.001	0.001
0.001	0.001	0.997	0.001
0.001	0.001	0.001	0.997
>AATACTTA	18-AATACTTA	8.236954	-12.669915	0	T:24.0(1.03%),B:117.9(0.34%),P:1e-5	Tpos:97.1,Tstd:49.7,Bpos:97.9,Bstd:66.2,StrandBias:0.2,Multiplicity:1.00
0.700	0.100	0.100	0.100
0.700	0.100	0.100	0.100
0.100	0.100	0.100	0.700
0.700	0.100	0.100	0.100
0.100	0.700	0.100	0.100
0.100	0.100	0.100	0.700
0.100	0.100	0.100	0.700
0.700	0.100	0.100	0.100
>AAAAGAAA	19-AAAAGAAA	10.586054	-11.587882	0	T:95.0(4.06%),B:874.4(2.54%),P:1e-5	Tpos:102.8,Tstd:49.0,Bpos:98.5,Bstd:87.7,StrandBias:0.1,Multiplicity:1.15
0.781	0.001	0.217	0.001
0.997	0.001	0.001	0.001
0.997	0.001	0.001	0.001
0.997	0.001	0.001	0.001
0.001	0.001	0.882	0.116
0.890	0.108	0.001	0.001
0.997	0.001	0.001	0.001
0.997	0.001	0.001	0.001
>CAAKTCAA	20-CAAKTCAA	10.510706	-10.083715	0	T:42.0(1.80%),B:313.1(0.91%),P:1e-4	Tpos:87.4,Tstd:37.5,Bpos:111.5,Bstd:87.6,StrandBias:0.2,Multiplicity:1.00
0.001	0.997	0.001	0.001
0.997	0.001	0.001	0.001
0.997	0.001	0.001	0.001
0.001	0.001	0.572	0.426
0.001	0.001	0.001	0.997
0.001	0.997	0.001	0.001
0.997	0.001	0.001	0.001
0.997	0.001	0.001	0.001
>ADTAATTA	21-ADTAATTA	8.361736	-8.433301	0	T:40.0(1.71%),B:317.5(0.92%),P:1e-3	Tpos:97.4,Tstd:33.0,Bpos:101.9,Bstd:83.3,StrandBias:0.1,Multiplicity:1.15
0.894	0.104	0.001	0.001
0.412	0.001	0.287	0.300
0.001	0.001	0.001	0.997
0.906	0.092	0.001	0.001
0.694	0.212	0.001	0.093
0.084	0.093	0.110	0.713
0.304	0.093	0.001	0.602
0.905	0.093	0.001	0.001
>TTATTATT	22-TTATTATT	9.348953	-5.621055	0	T:54.0(2.31%),B:537.9(1.56%),P:1e-2	Tpos:92.0,Tstd:59.6,Bpos:103.9,Bstd:80.4,StrandBias:0.4,Multiplicity:1.06
0.001	0.001	0.001	0.997
0.001	0.001	0.001	0.997
0.997	0.001	0.001	0.001
0.001	0.001	0.001	0.997
0.179	0.001	0.001	0.819
0.997	0.001	0.001	0.001
0.001	0.001	0.001	0.997
0.001	0.001	0.001	0.997
