>AGTSTGAS	1-AGTSTGAS	5.256139	-63.505831	0	T:1065.0(45.53%),B:11889.0(34.51%),P:1e-27	Tpos:97.7,Tstd:58.7,Bpos:99.3,Bstd:99.1,StrandBias:-0.0,Multiplicity:1.28
0.637	0.001	0.216	0.146
0.001	0.055	0.866	0.078
0.219	0.125	0.234	0.422
0.001	0.483	0.515	0.001
0.342	0.001	0.060	0.597
0.249	0.063	0.687	0.001
0.997	0.001	0.001	0.001
0.115	0.377	0.507	0.001
>CTATACTC	2-CTATACTC	4.632985	-54.753114	0	T:1210.0(51.73%),B:14224.8(41.29%),P:1e-23	Tpos:102.3,Tstd:60.6,Bpos:99.2,Bstd:93.5,StrandBias:-0.0,Multiplicity:1.43
0.048	0.777	0.120	0.055
0.086	0.096	0.053	0.765
0.685	0.146	0.078	0.091
0.082	0.090	0.030	0.798
0.723	0.102	0.084	0.091
0.028	0.819	0.094	0.059
0.106	0.116	0.085	0.693
0.114	0.745	0.127	0.014
>CTGTACTG	3-CTGTACTG	6.414843	-52.949026	0	T:387.0(16.55%),B:3396.7(9.86%),P:1e-22	Tpos:103.1,Tstd:63.2,Bpos:101.8,Bstd:99.4,StrandBias:-0.1,Multiplicity:1.17
0.001	0.938	0.036	0.025
0.030	0.001	0.001	0.968
0.022	0.001	0.949	0.028
0.001	0.110	0.073	0.816
0.658	0.039	0.099	0.204
0.001	0.963	0.035	0.001
0.034	0.001	0.024	0.941
0.001	0.039	0.959	0.001
>AGGCTAGG	4-AGGCTAGG	4.732242	-48.699380	0	T:1102.0(47.11%),B:12890.5(37.42%),P:1e-21	Tpos:101.4,Tstd:59.4,Bpos:100.4,Bstd:109.3,StrandBias:-0.2,Multiplicity:1.63
0.717	0.001	0.207	0.075
0.014	0.081	0.873	0.032
0.196	0.244	0.406	0.153
0.153	0.538	0.165	0.144
0.219	0.242	0.001	0.538
0.579	0.001	0.186	0.234
0.062	0.027	0.799	0.112
0.129	0.147	0.549	0.175
>SCTWASCC	5-SCTWASCC	3.581371	-47.396045	0	T:968.0(41.39%),B:11056.6(32.09%),P:1e-20	Tpos:101.2,Tstd:58.4,Bpos:100.0,Bstd:98.2,StrandBias:-0.0,Multiplicity:1.28
0.001	0.440	0.395	0.164
0.247	0.422	0.109	0.221
0.158	0.204	0.135	0.503
0.414	0.044	0.183	0.359
0.587	0.010	0.156	0.247
0.042	0.387	0.398	0.173
0.228	0.530	0.224	0.018
0.188	0.406	0.225	0.182
>GGGTAGAC	6-GGGTAGAC	4.999004	-41.993426	0	T:724.0(30.95%),B:7920.6(22.99%),P:1e-18	Tpos:100.0,Tstd:60.7,Bpos:96.6,Bstd:101.0,StrandBias:0.1,Multiplicity:1.13
0.068	0.028	0.847	0.057
0.091	0.047	0.778	0.084
0.139	0.109	0.679	0.073
0.083	0.054	0.108	0.755
0.656	0.038	0.145	0.161
0.092	0.097	0.717	0.094
0.798	0.051	0.066	0.085
0.071	0.777	0.121	0.031
>GTGTGTGT	7-GTGTGTGT	4.791879	-41.360659	0	T:1048.0(44.81%),B:12394.6(35.98%),P:1e-17	Tpos:99.1,Tstd:60.5,Bpos:99.0,Bstd:103.3,StrandBias:-0.0,Multiplicity:1.45
0.060	0.124	0.739	0.077
0.118	0.064	0.136	0.682
0.015	0.126	0.819	0.040
0.111	0.038	0.060	0.791
0.087	0.074	0.804	0.035
0.119	0.069	0.095	0.717
0.107	0.120	0.723	0.050
0.064	0.105	0.102	0.729
>TWTARCGT	8-TWTARCGT	2.796824	-29.699323	0	T:244.0(10.43%),B:2205.3(6.40%),P:1e-12	Tpos:110.7,Tstd:57.2,Bpos:96.2,Bstd:79.2,StrandBias:0.3,Multiplicity:1.05
0.001	0.001	0.001	0.997
0.494	0.123	0.001	0.382
0.001	0.001	0.001	0.997
0.997	0.001	0.001	0.001
0.484	0.001	0.514	0.001
0.001	0.604	0.394	0.001
0.001	0.001	0.997	0.001
0.001	0.001	0.001	0.997
>CCACAGTA	9-CCACAGTA	6.374444	-28.777846	0	T:344.0(14.71%),B:3431.4(9.96%),P:1e-12	Tpos:96.2,Tstd:59.5,Bpos:98.9,Bstd:96.4,StrandBias:0.2,Multiplicity:1.12
0.021	0.868	0.110	0.001
0.162	0.815	0.001	0.022
0.778	0.019	0.045	0.158
0.001	0.910	0.061	0.028
0.900	0.032	0.018	0.050
0.017	0.001	0.981	0.001
0.034	0.001	0.001	0.964
0.783	0.021	0.100	0.096
>GCATGCAA	10-GCATGCAA	7.531949	-24.768037	0	T:132.0(5.64%),B:1038.2(3.01%),P:1e-10	Tpos:101.5,Tstd:52.4,Bpos:105.0,Bstd:96.0,StrandBias:0.5,Multiplicity:1.03
0.001	0.037	0.942	0.020
0.073	0.909	0.017	0.001
0.886	0.040	0.035	0.039
0.001	0.001	0.022	0.976
0.029	0.237	0.733	0.001
0.052	0.855	0.092	0.001
0.959	0.001	0.017	0.023
0.797	0.021	0.001	0.181
>TACACTGC	11-TACACTGC	6.810250	-22.953653	0	T:279.0(11.93%),B:2791.4(8.10%),P:1e-9	Tpos:99.0,Tstd:58.4,Bpos:103.9,Bstd:96.6,StrandBias:-0.1,Multiplicity:1.03
0.058	0.152	0.030	0.760
0.858	0.069	0.050	0.023
0.001	0.945	0.013	0.041
0.794	0.012	0.174	0.020
0.077	0.921	0.001	0.001
0.075	0.044	0.040	0.841
0.050	0.001	0.948	0.001
0.010	0.976	0.001	0.013
>GTCCGGTC	12-GTCCGGTC	6.687195	-22.198465	0	T:160.0(6.84%),B:1394.6(4.05%),P:1e-9	Tpos:103.8,Tstd:52.1,Bpos:95.1,Bstd:108.1,StrandBias:0.5,Multiplicity:1.03
0.060	0.062	0.839	0.039
0.001	0.001	0.001	0.997
0.030	0.922	0.001	0.047
0.046	0.898	0.055	0.001
0.001	0.072	0.616	0.311
0.067	0.001	0.877	0.055
0.001	0.064	0.001	0.934
0.001	0.908	0.029	0.062
>TTATCTAG	13-TTATCTAG	8.947654	-20.582243	0	T:61.0(2.61%),B:374.4(1.09%),P:1e-8	Tpos:98.6,Tstd:46.9,Bpos:101.1,Bstd:88.6,StrandBias:-0.4,Multiplicity:1.06
0.001	0.001	0.001	0.997
0.001	0.001	0.001	0.997
0.997	0.001	0.001	0.001
0.001	0.212	0.001	0.786
0.001	0.846	0.152	0.001
0.001	0.001	0.001	0.997
0.997	0.001	0.001	0.001
0.001	0.001	0.997	0.001
>CCCTACTA	14-CCCTACTA	10.653071	-17.110957	0	T:35.0(1.50%),B:175.9(0.51%),P:1e-7	Tpos:104.0,Tstd:66.8,Bpos:85.8,Bstd:71.8,StrandBias:-0.3,Multiplicity:1.00
0.001	0.997	0.001	0.001
0.001	0.997	0.001	0.001
0.001	0.997	0.001	0.001
0.001	0.001	0.001	0.997
0.704	0.001	0.001	0.294
0.001	0.997	0.001	0.001
0.001	0.001	0.064	0.934
0.997	0.001	0.001	0.001
>CATCTCAT	15-CATCTCAT	8.305322	-16.339919	0	T:87.0(3.72%),B:692.4(2.01%),P:1e-7	Tpos:108.0,Tstd:62.6,Bpos:99.6,Bstd:86.9,StrandBias:0.4,Multiplicity:1.35
0.001	0.997	0.001	0.001
0.923	0.075	0.001	0.001
0.001	0.001	0.001	0.997
0.001	0.997	0.001	0.001
0.001	0.001	0.001	0.997
0.001	0.997	0.001	0.001
0.997	0.001	0.001	0.001
0.160	0.001	0.001	0.838
>ACTAACGT	16-ACTAACGT	8.932252	-14.371347	0	T:38.0(1.62%),B:224.4(0.65%),P:1e-6	Tpos:109.9,Tstd:56.6,Bpos:87.3,Bstd:83.5,StrandBias:0.4,Multiplicity:1.00
0.997	0.001	0.001	0.001
0.001	0.997	0.001	0.001
0.001	0.001	0.001	0.997
0.997	0.001	0.001	0.001
0.880	0.001	0.001	0.118
0.001	0.997	0.001	0.001
0.001	0.001	0.997	0.001
0.001	0.001	0.001	0.997
>TATCCCGT	17-TATCCCGT	8.965869	-14.338112	0	T:75.0(3.21%),B:596.1(1.73%),P:1e-6	Tpos:112.0,Tstd:63.0,Bpos:102.8,Bstd:83.1,StrandBias:-0.3,Multiplicity:1.02
0.001	0.001	0.001	0.997
0.997	0.001	0.001	0.001
0.001	0.001	0.001	0.997
0.294	0.704	0.001	0.001
0.001	0.657	0.001	0.341
0.370	0.628	0.001	0.001
0.001	0.001	0.997	0.001
0.001	0.001	0.001	0.997
>AATACTTA	18-AATACTTA	8.236954	-12.669915	0	T:24.0(1.03%),B:117.9(0.34%),P:1e-5	Tpos:97.1,Tstd:49.7,Bpos:97.9,Bstd:66.2,StrandBias:0.2,Multiplicity:1.00
0.700	0.100	0.100	0.100
0.700	0.100	0.100	0.100
0.100	0.100	0.100	0.700
0.700	0.100	0.100	0.100
0.100	0.700	0.100	0.100
0.100	0.100	0.100	0.700
0.100	0.100	0.100	0.700
0.700	0.100	0.100	0.100
>AAAAGAAA	19-AAAAGAAA	10.586054	-11.587882	0	T:95.0(4.06%),B:874.4(2.54%),P:1e-5	Tpos:102.8,Tstd:49.0,Bpos:98.5,Bstd:87.7,StrandBias:0.1,Multiplicity:1.15
0.781	0.001	0.217	0.001
0.997	0.001	0.001	0.001
0.997	0.001	0.001	0.001
0.997	0.001	0.001	0.001
0.001	0.001	0.882	0.116
0.890	0.108	0.001	0.001
0.997	0.001	0.001	0.001
0.997	0.001	0.001	0.001
>CAAKTCAA	20-CAAKTCAA	10.510706	-10.083715	0	T:42.0(1.80%),B:313.1(0.91%),P:1e-4	Tpos:87.4,Tstd:37.5,Bpos:111.5,Bstd:87.6,StrandBias:0.2,Multiplicity:1.00
0.001	0.997	0.001	0.001
0.997	0.001	0.001	0.001
0.997	0.001	0.001	0.001
0.001	0.001	0.572	0.426
0.001	0.001	0.001	0.997
0.001	0.997	0.001	0.001
0.997	0.001	0.001	0.001
0.997	0.001	0.001	0.001
>ADTAATTA	21-ADTAATTA	8.361736	-8.433301	0	T:40.0(1.71%),B:317.5(0.92%),P:1e-3	Tpos:97.4,Tstd:33.0,Bpos:101.9,Bstd:83.3,StrandBias:0.1,Multiplicity:1.15
0.894	0.104	0.001	0.001
0.412	0.001	0.287	0.300
0.001	0.001	0.001	0.997
0.906	0.092	0.001	0.001
0.694	0.212	0.001	0.093
0.084	0.093	0.110	0.713
0.304	0.093	0.001	0.602
0.905	0.093	0.001	0.001
>TTATTATT	22-TTATTATT	9.348953	-5.621055	0	T:54.0(2.31%),B:537.9(1.56%),P:1e-2	Tpos:92.0,Tstd:59.6,Bpos:103.9,Bstd:80.4,StrandBias:0.4,Multiplicity:1.06
0.001	0.001	0.001	0.997
0.001	0.001	0.001	0.997
0.997	0.001	0.001	0.001
0.001	0.001	0.001	0.997
0.179	0.001	0.001	0.819
0.997	0.001	0.001	0.001
0.001	0.001	0.001	0.997
0.001	0.001	0.001	0.997
