>GTCTAKHCTA	1-GTCTAKHCTA	4.361788	-58.269917	0	T:1191.0(50.92%),B:13834.4(40.16%),P:1e-25	Tpos:104.0,Tstd:59.7,Bpos:98.0,Bstd:93.7,StrandBias:0.1,Multiplicity:1.56
0.089	0.336	0.507	0.068
0.202	0.115	0.026	0.657
0.135	0.537	0.259	0.069
0.171	0.204	0.035	0.590
0.630	0.125	0.142	0.103
0.001	0.151	0.495	0.353
0.306	0.266	0.085	0.343
0.101	0.670	0.206	0.023
0.220	0.146	0.092	0.542
0.582	0.085	0.200	0.133
>CACAGCACAG	2-CACAGCACAG	4.579427	-57.785658	0	T:970.0(41.47%),B:10748.5(31.20%),P:1e-25	Tpos:96.9,Tstd:59.0,Bpos:98.9,Bstd:103.4,StrandBias:-0.1,Multiplicity:1.42
0.086	0.717	0.097	0.100
0.681	0.094	0.112	0.113
0.098	0.684	0.117	0.101
0.690	0.109	0.100	0.101
0.101	0.097	0.717	0.085
0.094	0.680	0.118	0.108
0.694	0.081	0.108	0.117
0.089	0.726	0.089	0.096
0.694	0.110	0.095	0.101
0.094	0.100	0.718	0.088
>CCCTTACCCT	3-CCCTTACCCT	4.631984	-51.458216	0	T:852.0(36.43%),B:9336.5(27.10%),P:1e-22	Tpos:99.8,Tstd:60.4,Bpos:99.5,Bstd:104.7,StrandBias:0.1,Multiplicity:1.33
0.106	0.691	0.110	0.093
0.091	0.717	0.085	0.107
0.097	0.718	0.095	0.090
0.113	0.094	0.102	0.691
0.109	0.120	0.092	0.679
0.712	0.099	0.098	0.091
0.090	0.708	0.095	0.107
0.109	0.694	0.107	0.090
0.093	0.700	0.100	0.107
0.113	0.099	0.098	0.690
>GGCTTAGCCT	4-GGCTTAGCCT	5.769634	-42.913987	0	T:288.0(12.31%),B:2448.3(7.11%),P:1e-18	Tpos:99.2,Tstd:58.0,Bpos:98.7,Bstd:109.7,StrandBias:-0.2,Multiplicity:1.31
0.174	0.075	0.592	0.159
0.120	0.214	0.523	0.143
0.028	0.727	0.177	0.068
0.126	0.155	0.130	0.589
0.149	0.148	0.164	0.539
0.559	0.059	0.216	0.166
0.075	0.187	0.646	0.092
0.147	0.502	0.217	0.134
0.128	0.553	0.147	0.172
0.160	0.153	0.027	0.660
>ACACACACAC	5-ACACACACAC	6.783492	-42.369608	0	T:373.0(15.95%),B:3450.2(10.02%),P:1e-18	Tpos:100.9,Tstd:62.6,Bpos:99.2,Bstd:103.7,StrandBias:0.0,Multiplicity:1.11
0.831	0.038	0.057	0.074
0.053	0.813	0.078	0.056
0.752	0.091	0.087	0.070
0.074	0.762	0.080	0.084
0.786	0.058	0.066	0.090
0.055	0.853	0.045	0.047
0.806	0.080	0.051	0.063
0.055	0.789	0.087	0.069
0.798	0.073	0.063	0.066
0.053	0.816	0.082	0.049
>CCAATTATAA	6-CCAATTATAA	10.296193	-41.793854	0	T:15.0(0.64%),B:6.5(0.02%),P:1e-18	Tpos:93.5,Tstd:91.2,Bpos:114.0,Bstd:37.2,StrandBias:0.2,Multiplicity:1.00
0.100	0.700	0.100	0.100
0.100	0.700	0.100	0.100
0.700	0.100	0.100	0.100
0.700	0.100	0.100	0.100
0.100	0.100	0.100	0.700
0.100	0.100	0.100	0.700
0.700	0.100	0.100	0.100
0.100	0.100	0.100	0.700
0.700	0.100	0.100	0.100
0.700	0.100	0.100	0.100
>CTTACTTATC	7-CTTACTTATC	10.665816	-40.024820	0	T:19.0(0.81%),B:15.8(0.05%),P:1e-17	Tpos:93.3,Tstd:41.2,Bpos:116.7,Bstd:62.6,StrandBias:0.2,Multiplicity:1.00
0.001	0.997	0.001	0.001
0.001	0.001	0.001	0.997
0.001	0.001	0.001	0.997
0.997	0.001	0.001	0.001
0.001	0.956	0.001	0.042
0.001	0.001	0.001	0.997
0.001	0.001	0.001	0.997
0.997	0.001	0.001	0.001
0.001	0.001	0.001	0.997
0.001	0.997	0.001	0.001
>AACCAAGGAG	8-AACCAAGGAG	10.296193	-37.552502	0	T:16.0(0.68%),B:10.7(0.03%),P:1e-16	Tpos:97.3,Tstd:65.7,Bpos:90.2,Bstd:46.0,StrandBias:0.4,Multiplicity:1.00
0.700	0.100	0.100	0.100
0.700	0.100	0.100	0.100
0.100	0.700	0.100	0.100
0.100	0.700	0.100	0.100
0.700	0.100	0.100	0.100
0.700	0.100	0.100	0.100
0.100	0.100	0.700	0.100
0.100	0.100	0.700	0.100
0.700	0.100	0.100	0.100
0.100	0.100	0.700	0.100
>TRNNCHGTGC	9-TRNNCHGTGC	5.039769	-37.193141	0	T:304.0(13.00%),B:2746.5(7.97%),P:1e-16	Tpos:103.3,Tstd:62.5,Bpos:97.2,Bstd:98.7,StrandBias:-0.2,Multiplicity:1.01
0.235	0.213	0.001	0.551
0.447	0.062	0.437	0.053
0.216	0.265	0.201	0.318
0.239	0.231	0.313	0.216
0.070	0.432	0.272	0.226
0.293	0.220	0.133	0.355
0.238	0.202	0.439	0.121
0.035	0.001	0.278	0.686
0.116	0.242	0.467	0.174
0.037	0.894	0.068	0.001
>CAACAGTAAA	10-CAACAGTAAA	10.296193	-35.962741	0	T:21.0(0.90%),B:25.3(0.07%),P:1e-15	Tpos:101.9,Tstd:58.3,Bpos:67.2,Bstd:48.3,StrandBias:0.4,Multiplicity:1.00
0.100	0.700	0.100	0.100
0.700	0.100	0.100	0.100
0.700	0.100	0.100	0.100
0.100	0.700	0.100	0.100
0.700	0.100	0.100	0.100
0.100	0.100	0.700	0.100
0.100	0.100	0.100	0.700
0.700	0.100	0.100	0.100
0.700	0.100	0.100	0.100
0.700	0.100	0.100	0.100
>ACAGCACAGC	11-ACAGCACAGC	4.469371	-33.394302	0	T:1405.0(60.07%),B:17923.4(52.03%),P:1e-14	Tpos:99.3,Tstd:57.0,Bpos:99.2,Bstd:98.0,StrandBias:0.1,Multiplicity:1.34
0.703	0.085	0.102	0.110
0.099	0.695	0.102	0.104
0.673	0.102	0.113	0.112
0.105	0.109	0.701	0.085
0.106	0.690	0.101	0.103
0.733	0.101	0.080	0.086
0.105	0.695	0.088	0.112
0.697	0.089	0.101	0.113
0.097	0.104	0.709	0.090
0.094	0.704	0.106	0.096
>THCWVTCCRV	12-THCWVTCCRV	5.165858	-31.251584	0	T:391.0(16.72%),B:3946.6(11.46%),P:1e-13	Tpos:102.2,Tstd:56.4,Bpos:97.2,Bstd:102.0,StrandBias:-0.1,Multiplicity:1.12
0.021	0.317	0.190	0.472
0.249	0.305	0.131	0.316
0.023	0.948	0.017	0.012
0.370	0.138	0.193	0.300
0.260	0.318	0.410	0.012
0.019	0.019	0.323	0.639
0.016	0.539	0.239	0.206
0.173	0.485	0.021	0.321
0.394	0.225	0.279	0.103
0.340	0.350	0.277	0.033
>GGCATCCAAC	13-GGCATCCAAC	10.747170	-30.722644	0	T:20.0(0.86%),B:29.6(0.09%),P:1e-13	Tpos:97.5,Tstd:24.2,Bpos:104.2,Bstd:49.4,StrandBias:0.2,Multiplicity:1.00
0.001	0.001	0.997	0.001
0.049	0.001	0.949	0.001
0.001	0.997	0.001	0.001
0.997	0.001	0.001	0.001
0.001	0.071	0.001	0.927
0.001	0.997	0.001	0.001
0.001	0.997	0.001	0.001
0.997	0.001	0.001	0.001
0.997	0.001	0.001	0.001
0.001	0.997	0.001	0.001
>CCAACTGCTT	14-CCAACTGCTT	11.834332	-28.753782	0	T:26.0(1.11%),B:60.5(0.18%),P:1e-12	Tpos:88.9,Tstd:34.6,Bpos:105.6,Bstd:57.4,StrandBias:-0.4,Multiplicity:1.00
0.001	0.997	0.001	0.001
0.001	0.997	0.001	0.001
0.997	0.001	0.001	0.001
0.668	0.330	0.001	0.001
0.001	0.997	0.001	0.001
0.301	0.001	0.001	0.697
0.001	0.001	0.997	0.001
0.001	0.997	0.001	0.001
0.001	0.001	0.330	0.668
0.001	0.001	0.001	0.997
>CTCATCTCAT	15-CTCATCTCAT	7.868044	-26.362332	0	T:95.0(4.06%),B:635.6(1.85%),P:1e-11	Tpos:106.2,Tstd:60.2,Bpos:94.9,Bstd:96.7,StrandBias:0.4,Multiplicity:1.53
0.016	0.887	0.044	0.053
0.112	0.092	0.067	0.729
0.060	0.867	0.047	0.026
0.846	0.067	0.036	0.051
0.161	0.097	0.091	0.651
0.057	0.796	0.104	0.043
0.004	0.061	0.068	0.867
0.066	0.818	0.058	0.058
0.877	0.048	0.052	0.023
0.202	0.049	0.077	0.672
>TTCTACTAAC	16-TTCTACTAAC	10.296193	-24.975032	0	T:17.0(0.73%),B:27.8(0.08%),P:1e-10	Tpos:111.5,Tstd:46.4,Bpos:70.8,Bstd:79.0,StrandBias:-0.2,Multiplicity:1.00
0.100	0.100	0.100	0.700
0.100	0.100	0.100	0.700
0.100	0.700	0.100	0.100
0.100	0.100	0.100	0.700
0.700	0.100	0.100	0.100
0.100	0.700	0.100	0.100
0.100	0.100	0.100	0.700
0.700	0.100	0.100	0.100
0.700	0.100	0.100	0.100
0.100	0.700	0.100	0.100
>AGASAGAGAG	17-AGASAGAGAG	6.790021	-24.494317	0	T:348.0(14.88%),B:3605.3(10.47%),P:1e-10	Tpos:102.2,Tstd:57.3,Bpos:96.5,Bstd:100.3,StrandBias:-0.2,Multiplicity:1.20
0.828	0.001	0.170	0.001
0.128	0.001	0.672	0.199
0.604	0.001	0.193	0.202
0.124	0.472	0.403	0.001
0.742	0.001	0.001	0.256
0.001	0.077	0.783	0.139
0.744	0.001	0.105	0.150
0.127	0.219	0.653	0.001
0.695	0.001	0.001	0.303
0.001	0.246	0.704	0.049
>AATTAATTVA	18-AATTAATTVA	11.385706	-23.829390	0	T:19.0(0.81%),B:38.9(0.11%),P:1e-10	Tpos:100.9,Tstd:17.9,Bpos:102.7,Bstd:74.0,StrandBias:0.4,Multiplicity:1.00
0.813	0.034	0.065	0.088
0.881	0.083	0.001	0.035
0.025	0.001	0.028	0.946
0.084	0.001	0.011	0.904
0.962	0.027	0.010	0.001
0.883	0.018	0.044	0.055
0.008	0.032	0.087	0.873
0.049	0.269	0.009	0.673
0.410	0.293	0.282	0.016
0.670	0.029	0.282	0.019
>ACRGTAAATA	19-ACRGTAAATA	6.498811	-23.319960	0	T:292.0(12.48%),B:2941.7(8.54%),P:1e-10	Tpos:105.4,Tstd:57.2,Bpos:101.2,Bstd:95.3,StrandBias:0.0,Multiplicity:1.08
0.532	0.138	0.257	0.073
0.021	0.603	0.362	0.014
0.371	0.001	0.500	0.128
0.002	0.037	0.940	0.021
0.002	0.001	0.119	0.878
0.906	0.075	0.018	0.001
0.583	0.147	0.001	0.269
0.485	0.046	0.330	0.139
0.208	0.065	0.001	0.726
0.976	0.001	0.001	0.022
>CAATTCAATT	20-CAATTCAATT	11.509010	-22.664844	0	T:18.0(0.77%),B:36.8(0.11%),P:1e-9	Tpos:102.5,Tstd:22.6,Bpos:132.5,Bstd:73.4,StrandBias:0.9,Multiplicity:1.11
0.001	0.591	0.001	0.407
0.967	0.001	0.016	0.016
0.728	0.078	0.193	0.001
0.016	0.031	0.081	0.872
0.025	0.040	0.085	0.850
0.001	0.539	0.377	0.083
0.912	0.001	0.062	0.025
0.810	0.102	0.072	0.016
0.001	0.021	0.047	0.931
0.037	0.016	0.116	0.831
>ATACTAAGGA	21-ATACTAAGGA	10.590375	-21.481117	0	T:25.0(1.07%),B:78.8(0.23%),P:1e-9	Tpos:106.8,Tstd:65.4,Bpos:83.1,Bstd:71.5,StrandBias:0.0,Multiplicity:1.00
0.541	0.001	0.270	0.188
0.001	0.001	0.221	0.777
0.810	0.188	0.001	0.001
0.001	0.997	0.001	0.001
0.001	0.001	0.001	0.997
0.872	0.001	0.126	0.001
0.897	0.001	0.045	0.057
0.001	0.001	0.997	0.001
0.001	0.001	0.997	0.001
0.997	0.001	0.001	0.001
>CAAGTCAAAA	22-CAAGTCAAAA	11.005684	-21.425370	0	T:19.0(0.81%),B:44.2(0.13%),P:1e-9	Tpos:106.4,Tstd:24.6,Bpos:126.3,Bstd:74.9,StrandBias:-0.5,Multiplicity:1.00
0.001	0.997	0.001	0.001
0.997	0.001	0.001	0.001
0.939	0.059	0.001	0.001
0.001	0.001	0.997	0.001
0.001	0.001	0.001	0.997
0.001	0.997	0.001	0.001
0.997	0.001	0.001	0.001
0.997	0.001	0.001	0.001
0.997	0.001	0.001	0.001
0.997	0.001	0.001	0.001
>CYMTCYCTCT	23-CYMTCYCTCT	7.763708	-18.454456	0	T:193.0(8.25%),B:1866.8(5.42%),P:1e-8	Tpos:92.1,Tstd:56.1,Bpos:104.2,Bstd:104.4,StrandBias:0.2,Multiplicity:1.06
0.147	0.851	0.001	0.001
0.001	0.366	0.209	0.424
0.427	0.538	0.001	0.034
0.001	0.001	0.273	0.725
0.001	0.545	0.380	0.074
0.001	0.434	0.001	0.564
0.001	0.956	0.042	0.001
0.001	0.001	0.201	0.797
0.221	0.469	0.309	0.001
0.001	0.001	0.395	0.603
>TATTATTATT	24-TATTATTATT	9.518757	-5.041881	0	T:24.0(1.03%),B:200.2(0.58%),P:1e-2	Tpos:85.6,Tstd:55.4,Bpos:102.9,Bstd:78.4,StrandBias:1.1,Multiplicity:1.30
0.001	0.001	0.001	0.997
0.997	0.001	0.001	0.001
0.001	0.001	0.051	0.947
0.016	0.001	0.001	0.982
0.875	0.001	0.001	0.123
0.001	0.001	0.001	0.997
0.001	0.001	0.001	0.997
0.997	0.001	0.001	0.001
0.001	0.001	0.001	0.997
0.001	0.001	0.001	0.997
>ATWAKHATAA	25-ATWAKHATAA	8.985520	-3.835833	0	T:5.0(0.21%),B:23.7(0.07%),P:1e-1	Tpos:80.2,Tstd:46.6,Bpos:107.7,Bstd:46.3,StrandBias:-2.0,Multiplicity:1.00
0.574	0.169	0.093	0.164
0.001	0.001	0.048	0.950
0.389	0.001	0.139	0.471
0.983	0.001	0.001	0.015
0.133	0.001	0.478	0.387
0.244	0.296	0.093	0.366
0.533	0.118	0.322	0.027
0.001	0.052	0.140	0.807
0.662	0.001	0.001	0.336
0.748	0.155	0.096	0.001
