>TRGTATAGTRTA	19-TRGTATAGTRTA	6.536426	-27.177993	0	T:187.0(14.89%),B:3286.2(8.80%),P:1e-11
0.149	0.192	0.109	0.550
0.452	0.034	0.329	0.185
0.200	0.116	0.586	0.098
0.185	0.079	0.001	0.735
0.666	0.077	0.256	0.001
0.019	0.393	0.045	0.543
0.790	0.001	0.092	0.117
0.036	0.268	0.560	0.136
0.065	0.066	0.041	0.828
0.452	0.037	0.431	0.081
0.001	0.158	0.001	0.840
0.603	0.011	0.263	0.123
