>AGATGAGATGAG	20-CTCATCTCATCT	5.042650	-25.803819	0	T:437.0(34.79%),B:9751.8(26.10%),P:1e-11
0.696	0.078	0.118	0.108
0.130	0.090	0.684	0.096
0.644	0.100	0.151	0.105
0.146	0.120	0.123	0.611
0.130	0.124	0.670	0.076
0.680	0.108	0.144	0.068
0.143	0.093	0.685	0.079
0.657	0.127	0.103	0.113
0.138	0.124	0.129	0.609
0.128	0.131	0.706	0.035
0.665	0.118	0.101	0.116
0.089	0.103	0.694	0.114
