>CTCTCTCTCTCT	18-CTCTCTCTCTCT	5.876439	-31.203114	0	T:316.0(25.16%),B:6258.1(16.75%),P:1e-13
0.101	0.641	0.107	0.151
0.111	0.146	0.080	0.663
0.093	0.643	0.109	0.155
0.101	0.116	0.079	0.704
0.079	0.649	0.110	0.162
0.094	0.123	0.084	0.699
0.075	0.651	0.108	0.166
0.095	0.122	0.085	0.698
0.092	0.636	0.118	0.154
0.091	0.119	0.090	0.700
0.107	0.629	0.125	0.139
0.093	0.136	0.083	0.688
