>CTCATCTCATCT	20-CTCATCTCATCT,BestGuess:TOD6?/SacCer-Promoters/Homer(0.728)	5.042650	-25.803819	0	T:437.0(34.79%),B:9751.8(26.10%),P:1e-11
0.114	0.694	0.103	0.089
0.116	0.101	0.118	0.665
0.035	0.706	0.131	0.128
0.609	0.129	0.124	0.138
0.113	0.103	0.127	0.657
0.079	0.685	0.093	0.143
0.068	0.144	0.108	0.680
0.076	0.670	0.124	0.130
0.611	0.123	0.120	0.146
0.105	0.151	0.100	0.644
0.096	0.684	0.090	0.130
0.108	0.118	0.078	0.696
