>GAGCAGCGCGGC	21-GCCGCGCTGCTC	4.707664	-19.554252	0	T:443.0(35.27%),B:10357.6(27.73%),P:1e-8
0.089	0.108	0.666	0.137
0.590	0.144	0.174	0.092
0.073	0.127	0.550	0.250
0.029	0.560	0.388	0.023
0.674	0.117	0.137	0.072
0.012	0.058	0.874	0.056
0.244	0.615	0.118	0.023
0.029	0.053	0.620	0.298
0.023	0.598	0.360	0.019
0.293	0.052	0.609	0.046
0.095	0.117	0.728	0.060
0.112	0.623	0.133	0.132
