>GCCGCGCTGCTC	21-GCCGCGCTGCTC,BestGuess:ZC3H10(Znf)/Homo_sapiens-RNCMPT00085-PBM/HughesRNA(0.705)	4.707664	-19.554252	0	T:443.0(35.27%),B:10357.6(27.73%),P:1e-8
0.132	0.133	0.623	0.112
0.060	0.728	0.117	0.095
0.046	0.609	0.052	0.293
0.019	0.360	0.598	0.023
0.298	0.620	0.053	0.029
0.023	0.118	0.615	0.244
0.056	0.874	0.058	0.012
0.072	0.137	0.117	0.674
0.023	0.388	0.560	0.029
0.250	0.550	0.127	0.073
0.092	0.174	0.144	0.590
0.137	0.666	0.108	0.089
