>ATCTCATCTCAT	22-ATCTCATCTCAT	8.802587	-19.523023	0	T:48.0(3.82%),B:541.4(1.45%),P:1e-8
0.757	0.093	0.077	0.073
0.107	0.023	0.059	0.811
0.051	0.785	0.069	0.095
0.023	0.107	0.014	0.856
0.092	0.906	0.001	0.001
0.860	0.001	0.016	0.123
0.022	0.001	0.001	0.976
0.074	0.856	0.037	0.033
0.024	0.056	0.113	0.807
0.046	0.839	0.062	0.053
0.760	0.056	0.015	0.169
0.037	0.098	0.069	0.796
