>CTGACTGACTGA	17-CTGACTGACTGA	6.899940	-31.428035	0	T:124.0(9.87%),B:1759.8(4.71%),P:1e-13
0.266	0.509	0.095	0.130
0.001	0.010	0.015	0.974
0.032	0.071	0.804	0.093
0.587	0.288	0.063	0.062
0.390	0.578	0.031	0.001
0.032	0.001	0.019	0.948
0.131	0.063	0.789	0.017
0.693	0.119	0.152	0.036
0.297	0.515	0.125	0.063
0.102	0.062	0.025	0.811
0.001	0.171	0.797	0.031
0.623	0.097	0.204	0.076
