>AWWATAATTATT	25-AATAATTATWWT	8.207501	-9.874732	0	T:49.0(3.90%),B:791.4(2.12%),P:1e-4
0.806	0.001	0.024	0.169
0.374	0.170	0.032	0.424
0.433	0.133	0.053	0.381
0.907	0.019	0.025	0.049
0.221	0.033	0.181	0.565
0.558	0.086	0.008	0.348
0.843	0.009	0.036	0.112
0.321	0.028	0.001	0.650
0.374	0.034	0.038	0.554
0.486	0.127	0.120	0.267
0.039	0.241	0.139	0.581
0.242	0.169	0.157	0.432
