>AGTGTGTGTGTG	15-AGTGTGTGTGTG	6.594190	-33.574978	0	T:235.0(18.71%),B:4167.3(11.16%),P:1e-14
0.481	0.083	0.155	0.281
0.102	0.092	0.732	0.074
0.040	0.049	0.102	0.809
0.049	0.104	0.761	0.086
0.072	0.047	0.075	0.806
0.092	0.088	0.747	0.073
0.048	0.069	0.001	0.882
0.090	0.080	0.816	0.014
0.131	0.078	0.115	0.676
0.085	0.052	0.791	0.072
0.083	0.051	0.034	0.832
0.140	0.103	0.671	0.086
