>CTRGGCTGRGCY	14-RGCYCAGCCYAG	6.493255	-54.022186	0	T:240.0(19.11%),B:3620.2(9.69%),P:1e-23
0.149	0.755	0.039	0.057
0.038	0.056	0.001	0.905
0.520	0.001	0.387	0.092
0.001	0.089	0.858	0.052
0.088	0.147	0.636	0.129
0.001	0.943	0.001	0.055
0.270	0.015	0.001	0.714
0.337	0.018	0.567	0.078
0.304	0.098	0.423	0.175
0.328	0.094	0.528	0.050
0.093	0.675	0.179	0.053
0.222	0.310	0.054	0.414
