>RGCYCAGCCYAG	14-RGCYCAGCCYAG,BestGuess:Smad3(MAD)/NPC-Smad3-ChIP-Seq(GSE36673)/Homer(0.688)	6.493255	-54.022186	0	T:240.0(19.11%),B:3620.2(9.69%),P:1e-23
0.414	0.054	0.310	0.222
0.053	0.179	0.675	0.093
0.050	0.528	0.094	0.328
0.175	0.423	0.098	0.304
0.078	0.567	0.018	0.337
0.714	0.001	0.015	0.270
0.055	0.001	0.943	0.001
0.129	0.636	0.147	0.088
0.052	0.858	0.089	0.001
0.092	0.387	0.001	0.520
0.905	0.001	0.056	0.038
0.057	0.039	0.755	0.149
