>CTGTGCTGTG	1-CTGTGCTGTG	4.494861	-62.679922	0	T:1263.0(57.49%),B:15383.2(45.86%),P:1e-27	Tpos:98.8,Tstd:58.8,Bpos:98.0,Bstd:107.5,StrandBias:-0.0,Multiplicity:1.60
0.093	0.695	0.106	0.106
0.107	0.081	0.098	0.714
0.100	0.096	0.716	0.088
0.097	0.107	0.095	0.701
0.127	0.114	0.663	0.096
0.074	0.715	0.109	0.102
0.103	0.098	0.104	0.695
0.087	0.110	0.695	0.108
0.108	0.116	0.085	0.691
0.101	0.093	0.715	0.091
>TGTGCTGTCC	2-TGTGCTGTCC	4.512263	-61.547065	0	T:1191.0(54.21%),B:14330.8(42.72%),P:1e-26	Tpos:100.2,Tstd:59.0,Bpos:99.1,Bstd:100.6,StrandBias:-0.0,Multiplicity:1.30
0.046	0.084	0.031	0.839
0.219	0.092	0.607	0.082
0.098	0.187	0.199	0.516
0.195	0.108	0.555	0.142
0.059	0.568	0.118	0.255
0.245	0.038	0.167	0.550
0.301	0.181	0.483	0.035
0.155	0.103	0.200	0.542
0.242	0.506	0.117	0.135
0.002	0.900	0.001	0.097
>AACCAAGGAG	3-AACCAAGGAG	10.296193	-54.981703	0	T:21.0(0.96%),B:10.3(0.03%),P:1e-23	Tpos:93.6,Tstd:65.1,Bpos:88.9,Bstd:43.4,StrandBias:0.1,Multiplicity:1.00
0.700	0.100	0.100	0.100
0.700	0.100	0.100	0.100
0.100	0.700	0.100	0.100
0.100	0.700	0.100	0.100
0.700	0.100	0.100	0.100
0.700	0.100	0.100	0.100
0.100	0.100	0.700	0.100
0.100	0.100	0.700	0.100
0.700	0.100	0.100	0.100
0.100	0.100	0.700	0.100
>TARTKAATYS	4-TARTKAATYS	11.240000	-52.191298	0	T:19.0(0.86%),B:8.7(0.03%),P:1e-22	Tpos:99.6,Tstd:6.1,Bpos:91.1,Bstd:45.6,StrandBias:0.2,Multiplicity:1.00
0.001	0.001	0.001	0.997
0.961	0.001	0.037	0.001
0.546	0.001	0.452	0.001
0.038	0.051	0.001	0.910
0.001	0.001	0.452	0.546
0.997	0.001	0.001	0.001
0.973	0.001	0.025	0.001
0.001	0.001	0.001	0.997
0.001	0.550	0.001	0.448
0.001	0.525	0.473	0.001
>CTTACTTATC	5-CTTACTTATC	10.296193	-51.503697	0	T:20.0(0.91%),B:10.1(0.03%),P:1e-22	Tpos:99.7,Tstd:43.6,Bpos:120.3,Bstd:58.9,StrandBias:0.3,Multiplicity:1.00
0.100	0.700	0.100	0.100
0.100	0.100	0.100	0.700
0.100	0.100	0.100	0.700
0.700	0.100	0.100	0.100
0.100	0.700	0.100	0.100
0.100	0.100	0.100	0.700
0.100	0.100	0.100	0.700
0.700	0.100	0.100	0.100
0.100	0.100	0.100	0.700
0.100	0.700	0.100	0.100
>TCAAGTCAGA	6-TCAAGTCAGA	13.348142	-51.276653	0	T:21.0(0.96%),B:12.5(0.04%),P:1e-22	Tpos:98.2,Tstd:77.1,Bpos:115.2,Bstd:57.2,StrandBias:-0.1,Multiplicity:1.00
0.001	0.001	0.001	0.997
0.001	0.997	0.001	0.001
0.997	0.001	0.001	0.001
0.997	0.001	0.001	0.001
0.001	0.001	0.997	0.001
0.001	0.001	0.001	0.997
0.001	0.997	0.001	0.001
0.997	0.001	0.001	0.001
0.384	0.001	0.614	0.001
0.997	0.001	0.001	0.001
>TAGTGAATCC	7-TAGTGAATCC	10.296193	-50.015036	0	T:19.0(0.86%),B:9.1(0.03%),P:1e-21	Tpos:98.2,Tstd:33.8,Bpos:121.3,Bstd:31.5,StrandBias:0.2,Multiplicity:1.00
0.100	0.100	0.100	0.700
0.700	0.100	0.100	0.100
0.100	0.100	0.700	0.100
0.100	0.100	0.100	0.700
0.100	0.100	0.700	0.100
0.700	0.100	0.100	0.100
0.700	0.100	0.100	0.100
0.100	0.100	0.100	0.700
0.100	0.700	0.100	0.100
0.100	0.700	0.100	0.100
>AGGCTAAGCC	8-AGGCTAAGCC	4.589914	-49.619025	0	T:896.0(40.78%),B:10406.8(31.02%),P:1e-21	Tpos:99.4,Tstd:59.6,Bpos:101.1,Bstd:119.7,StrandBias:-0.0,Multiplicity:1.73
0.725	0.074	0.089	0.112
0.105	0.096	0.695	0.104
0.096	0.117	0.692	0.095
0.093	0.708	0.103	0.096
0.110	0.115	0.088	0.687
0.686	0.102	0.099	0.113
0.689	0.103	0.099	0.109
0.105	0.109	0.689	0.097
0.088	0.700	0.112	0.100
0.101	0.731	0.086	0.082
>AATTACCAAT	9-AATTACCAAT	10.296193	-48.163164	0	T:21.0(0.96%),B:14.7(0.04%),P:1e-20	Tpos:99.8,Tstd:18.9,Bpos:83.5,Bstd:53.1,StrandBias:0.1,Multiplicity:1.00
0.700	0.100	0.100	0.100
0.700	0.100	0.100	0.100
0.100	0.100	0.100	0.700
0.100	0.100	0.100	0.700
0.700	0.100	0.100	0.100
0.100	0.700	0.100	0.100
0.100	0.700	0.100	0.100
0.700	0.100	0.100	0.100
0.700	0.100	0.100	0.100
0.100	0.100	0.100	0.700
>GGCATCCAAC	10-GGCATCCAAC	10.296193	-46.070776	0	T:22.0(1.00%),B:18.8(0.06%),P:1e-20	Tpos:109.6,Tstd:34.3,Bpos:98.0,Bstd:51.4,StrandBias:0.1,Multiplicity:1.00
0.100	0.100	0.700	0.100
0.100	0.100	0.700	0.100
0.100	0.700	0.100	0.100
0.700	0.100	0.100	0.100
0.100	0.100	0.100	0.700
0.100	0.700	0.100	0.100
0.100	0.700	0.100	0.100
0.700	0.100	0.100	0.100
0.700	0.100	0.100	0.100
0.100	0.700	0.100	0.100
>CAYACACHCW	11-CAYACACHCW	4.738489	-43.480908	0	T:1144.0(52.07%),B:14260.3(42.51%),P:1e-18	Tpos:100.9,Tstd:57.5,Bpos:99.5,Bstd:101.5,StrandBias:-0.0,Multiplicity:1.50
0.154	0.557	0.001	0.288
0.468	0.256	0.010	0.266
0.001	0.471	0.132	0.395
0.511	0.029	0.170	0.290
0.001	0.853	0.001	0.145
0.577	0.018	0.001	0.404
0.001	0.551	0.245	0.203
0.310	0.278	0.050	0.362
0.186	0.437	0.189	0.188
0.428	0.107	0.001	0.464
>ACAGTAAATA	12-ACAGTAAATA	10.296193	-43.274642	0	T:19.0(0.86%),B:13.5(0.04%),P:1e-18	Tpos:97.1,Tstd:53.7,Bpos:88.6,Bstd:79.7,StrandBias:0.2,Multiplicity:1.00
0.700	0.100	0.100	0.100
0.100	0.700	0.100	0.100
0.700	0.100	0.100	0.100
0.100	0.100	0.700	0.100
0.100	0.100	0.100	0.700
0.700	0.100	0.100	0.100
0.700	0.100	0.100	0.100
0.700	0.100	0.100	0.100
0.100	0.100	0.100	0.700
0.700	0.100	0.100	0.100
>TATCCACTCA	13-TATCCACTCA	10.422520	-42.245058	0	T:38.0(1.73%),B:88.7(0.26%),P:1e-18	Tpos:116.5,Tstd:77.7,Bpos:86.0,Bstd:56.0,StrandBias:0.4,Multiplicity:1.00
0.001	0.001	0.001	0.997
0.997	0.001	0.001	0.001
0.001	0.001	0.001	0.997
0.001	0.997	0.001	0.001
0.001	0.990	0.001	0.008
0.997	0.001	0.001	0.001
0.001	0.677	0.321	0.001
0.001	0.001	0.001	0.997
0.001	0.997	0.001	0.001
0.895	0.103	0.001	0.001
>TTATTTCTAC	14-TTATTTCTAC	10.296193	-34.915603	0	T:22.0(1.00%),B:31.6(0.09%),P:1e-15	Tpos:111.5,Tstd:42.5,Bpos:70.2,Bstd:81.4,StrandBias:-0.3,Multiplicity:1.00
0.100	0.100	0.100	0.700
0.100	0.100	0.100	0.700
0.700	0.100	0.100	0.100
0.100	0.100	0.100	0.700
0.100	0.100	0.100	0.700
0.100	0.100	0.100	0.700
0.100	0.700	0.100	0.100
0.100	0.100	0.100	0.700
0.700	0.100	0.100	0.100
0.100	0.700	0.100	0.100
>ATACTGAGGA	15-ATACTGAGGA	10.199931	-33.734009	0	T:36.0(1.64%),B:103.5(0.31%),P:1e-14	Tpos:105.9,Tstd:71.0,Bpos:86.2,Bstd:83.6,StrandBias:0.1,Multiplicity:1.03
0.997	0.001	0.001	0.001
0.001	0.001	0.001	0.997
0.885	0.113	0.001	0.001
0.001	0.997	0.001	0.001
0.001	0.001	0.001	0.997
0.001	0.001	0.997	0.001
0.967	0.001	0.001	0.031
0.001	0.043	0.955	0.001
0.001	0.001	0.997	0.001
0.997	0.001	0.001	0.001
>AAGTCAAAAT	16-AAGTCAAAAT	10.296193	-33.049629	0	T:19.0(0.86%),B:23.2(0.07%),P:1e-14	Tpos:101.5,Tstd:13.3,Bpos:102.6,Bstd:40.8,StrandBias:0.3,Multiplicity:1.00
0.700	0.100	0.100	0.100
0.700	0.100	0.100	0.100
0.100	0.100	0.700	0.100
0.100	0.100	0.100	0.700
0.100	0.700	0.100	0.100
0.700	0.100	0.100	0.100
0.700	0.100	0.100	0.100
0.700	0.100	0.100	0.100
0.700	0.100	0.100	0.100
0.100	0.100	0.100	0.700
>TAACGTCCCT	17-TAACGTCCCT	9.858540	-32.293661	0	T:27.0(1.23%),B:58.9(0.18%),P:1e-14	Tpos:106.2,Tstd:54.6,Bpos:53.3,Bstd:48.0,StrandBias:0.1,Multiplicity:1.85
0.001	0.024	0.029	0.946
0.997	0.001	0.001	0.001
0.957	0.024	0.001	0.018
0.001	0.627	0.371	0.001
0.050	0.020	0.929	0.001
0.001	0.001	0.001	0.997
0.039	0.921	0.001	0.039
0.001	0.997	0.001	0.001
0.001	0.960	0.038	0.001
0.001	0.001	0.001	0.997
>AGGTGTATAC	18-AGGTGTATAC	6.548141	-28.884397	0	T:266.0(12.11%),B:2577.3(7.68%),P:1e-12	Tpos:105.2,Tstd:62.1,Bpos:97.9,Bstd:101.0,StrandBias:0.2,Multiplicity:1.09
0.795	0.050	0.083	0.072
0.083	0.053	0.819	0.045
0.073	0.066	0.807	0.054
0.102	0.069	0.068	0.761
0.067	0.082	0.758	0.093
0.060	0.049	0.091	0.800
0.809	0.047	0.078	0.066
0.038	0.078	0.069	0.815
0.807	0.085	0.069	0.039
0.055	0.833	0.057	0.055
>WKWCCTGWCC	19-WKWCCTGWCC	7.175698	-19.311891	0	T:189.0(8.60%),B:1864.0(5.56%),P:1e-8	Tpos:110.4,Tstd:55.5,Bpos:94.8,Bstd:102.5,StrandBias:0.7,Multiplicity:1.16
0.393	0.087	0.113	0.408
0.001	0.069	0.439	0.491
0.453	0.001	0.001	0.545
0.001	0.997	0.001	0.001
0.001	0.922	0.073	0.004
0.002	0.200	0.020	0.778
0.001	0.018	0.735	0.246
0.344	0.112	0.127	0.417
0.001	0.997	0.001	0.001
0.076	0.800	0.033	0.091
>ACAGCACAGC	20-ACAGCACAGC	6.902116	-19.228236	0	T:242.0(11.02%),B:2534.6(7.56%),P:1e-8	Tpos:96.9,Tstd:55.3,Bpos:99.9,Bstd:106.6,StrandBias:0.3,Multiplicity:1.02
0.748	0.113	0.050	0.089
0.055	0.809	0.075	0.061
0.818	0.065	0.022	0.095
0.089	0.084	0.668	0.159
0.131	0.770	0.088	0.011
0.743	0.074	0.085	0.098
0.067	0.826	0.075	0.032
0.804	0.067	0.069	0.060
0.103	0.034	0.825	0.038
0.012	0.986	0.001	0.001
>ASACTAGACT	21-ASACTAGACT	6.524599	-19.058360	0	T:111.0(5.05%),B:940.7(2.80%),P:1e-8	Tpos:111.4,Tstd:57.0,Bpos:99.2,Bstd:102.0,StrandBias:-0.1,Multiplicity:1.22
0.572	0.145	0.087	0.196
0.055	0.324	0.426	0.195
0.729	0.085	0.167	0.019
0.037	0.811	0.124	0.028
0.227	0.126	0.152	0.496
0.535	0.262	0.115	0.088
0.078	0.160	0.657	0.105
0.707	0.166	0.113	0.014
0.114	0.562	0.162	0.162
0.226	0.095	0.125	0.554
>CWWRCCHHCS	22-CWWRCCHHCS	5.627928	-18.987583	0	T:125.0(5.69%),B:1102.3(3.29%),P:1e-8	Tpos:95.9,Tstd:55.1,Bpos:96.0,Bstd:99.9,StrandBias:-0.3,Multiplicity:1.04
0.194	0.462	0.177	0.167
0.414	0.243	0.040	0.303
0.488	0.035	0.033	0.444
0.401	0.062	0.294	0.243
0.029	0.872	0.055	0.044
0.038	0.483	0.250	0.228
0.417	0.271	0.017	0.295
0.288	0.303	0.023	0.387
0.039	0.447	0.276	0.238
0.043	0.388	0.530	0.039
>TGAGCTGTGT	23-TGAGCTGTGT	6.081393	-13.953403	0	T:406.0(18.48%),B:4941.6(14.73%),P:1e-6	Tpos:102.2,Tstd:54.0,Bpos:96.0,Bstd:95.8,StrandBias:-0.2,Multiplicity:1.07
0.106	0.096	0.027	0.771
0.091	0.161	0.675	0.073
0.454	0.001	0.248	0.297
0.001	0.001	0.911	0.087
0.185	0.550	0.041	0.224
0.094	0.134	0.164	0.608
0.047	0.109	0.831	0.013
0.297	0.001	0.154	0.548
0.001	0.050	0.807	0.142
0.001	0.001	0.001	0.997
>TTAGGCAAGG	24-TTAGGCAAGG	10.296193	-5.687540	0	T:5.0(0.23%),B:15.1(0.04%),P:1e-2	Tpos:140.2,Tstd:36.7,Bpos:112.2,Bstd:28.0,StrandBias:-0.6,Multiplicity:1.00
0.100	0.100	0.100	0.700
0.100	0.100	0.100	0.700
0.700	0.100	0.100	0.100
0.100	0.100	0.700	0.100
0.100	0.100	0.700	0.100
0.100	0.700	0.100	0.100
0.700	0.100	0.100	0.100
0.700	0.100	0.100	0.100
0.100	0.100	0.700	0.100
0.100	0.100	0.700	0.100
>ATWATWATTA	25-ATWATWATTA	7.707708	-3.668261	0	T:72.0(3.28%),B:864.7(2.58%),P:1e-1	Tpos:106.3,Tstd:60.3,Bpos:106.2,Bstd:82.4,StrandBias:0.0,Multiplicity:1.24
0.620	0.197	0.001	0.182
0.001	0.038	0.119	0.842
0.452	0.001	0.001	0.546
0.971	0.001	0.001	0.027
0.128	0.001	0.093	0.778
0.487	0.028	0.060	0.425
0.591	0.133	0.001	0.275
0.001	0.090	0.001	0.908
0.331	0.001	0.126	0.542
0.779	0.001	0.219	0.001
