>CTGTGCTGTG	1-CTGTGCTGTG	4.494861	-62.679922	0	T:1263.0(57.49%),B:15383.2(45.86%),P:1e-27	Tpos:98.8,Tstd:58.8,Bpos:98.0,Bstd:107.5,StrandBias:-0.0,Multiplicity:1.60
0.093	0.695	0.106	0.106
0.107	0.081	0.098	0.714
0.100	0.096	0.716	0.088
0.097	0.107	0.095	0.701
0.127	0.114	0.663	0.096
0.074	0.715	0.109	0.102
0.103	0.098	0.104	0.695
0.087	0.110	0.695	0.108
0.108	0.116	0.085	0.691
0.101	0.093	0.715	0.091
>TGTGCTGTCC	2-TGTGCTGTCC	4.512263	-61.547065	0	T:1191.0(54.21%),B:14330.8(42.72%),P:1e-26	Tpos:100.2,Tstd:59.0,Bpos:99.1,Bstd:100.6,StrandBias:-0.0,Multiplicity:1.30
0.046	0.084	0.031	0.839
0.219	0.092	0.607	0.082
0.098	0.187	0.199	0.516
0.195	0.108	0.555	0.142
0.059	0.568	0.118	0.255
0.245	0.038	0.167	0.550
0.301	0.181	0.483	0.035
0.155	0.103	0.200	0.542
0.242	0.506	0.117	0.135
0.002	0.900	0.001	0.097
>AACCAAGGAG	3-AACCAAGGAG	10.296193	-54.981703	0	T:21.0(0.96%),B:10.3(0.03%),P:1e-23	Tpos:93.6,Tstd:65.1,Bpos:88.9,Bstd:43.4,StrandBias:0.1,Multiplicity:1.00
0.700	0.100	0.100	0.100
0.700	0.100	0.100	0.100
0.100	0.700	0.100	0.100
0.100	0.700	0.100	0.100
0.700	0.100	0.100	0.100
0.700	0.100	0.100	0.100
0.100	0.100	0.700	0.100
0.100	0.100	0.700	0.100
0.700	0.100	0.100	0.100
0.100	0.100	0.700	0.100
>TARTKAATYS	4-TARTKAATYS	11.240000	-52.191298	0	T:19.0(0.86%),B:8.7(0.03%),P:1e-22	Tpos:99.6,Tstd:6.1,Bpos:91.1,Bstd:45.6,StrandBias:0.2,Multiplicity:1.00
0.001	0.001	0.001	0.997
0.961	0.001	0.037	0.001
0.546	0.001	0.452	0.001
0.038	0.051	0.001	0.910
0.001	0.001	0.452	0.546
0.997	0.001	0.001	0.001
0.973	0.001	0.025	0.001
0.001	0.001	0.001	0.997
0.001	0.550	0.001	0.448
0.001	0.525	0.473	0.001
>CTTACTTATC	5-CTTACTTATC	10.296193	-51.503697	0	T:20.0(0.91%),B:10.1(0.03%),P:1e-22	Tpos:99.7,Tstd:43.6,Bpos:120.3,Bstd:58.9,StrandBias:0.3,Multiplicity:1.00
0.100	0.700	0.100	0.100
0.100	0.100	0.100	0.700
0.100	0.100	0.100	0.700
0.700	0.100	0.100	0.100
0.100	0.700	0.100	0.100
0.100	0.100	0.100	0.700
0.100	0.100	0.100	0.700
0.700	0.100	0.100	0.100
0.100	0.100	0.100	0.700
0.100	0.700	0.100	0.100
>TCAAGTCAGA	6-TCAAGTCAGA	13.348142	-51.276653	0	T:21.0(0.96%),B:12.5(0.04%),P:1e-22	Tpos:98.2,Tstd:77.1,Bpos:115.2,Bstd:57.2,StrandBias:-0.1,Multiplicity:1.00
0.001	0.001	0.001	0.997
0.001	0.997	0.001	0.001
0.997	0.001	0.001	0.001
0.997	0.001	0.001	0.001
0.001	0.001	0.997	0.001
0.001	0.001	0.001	0.997
0.001	0.997	0.001	0.001
0.997	0.001	0.001	0.001
0.384	0.001	0.614	0.001
0.997	0.001	0.001	0.001
>TAGTGAATCC	7-TAGTGAATCC	10.296193	-50.015036	0	T:19.0(0.86%),B:9.1(0.03%),P:1e-21	Tpos:98.2,Tstd:33.8,Bpos:121.3,Bstd:31.5,StrandBias:0.2,Multiplicity:1.00
0.100	0.100	0.100	0.700
0.700	0.100	0.100	0.100
0.100	0.100	0.700	0.100
0.100	0.100	0.100	0.700
0.100	0.100	0.700	0.100
0.700	0.100	0.100	0.100
0.700	0.100	0.100	0.100
0.100	0.100	0.100	0.700
0.100	0.700	0.100	0.100
0.100	0.700	0.100	0.100
>AGGCTAAGCC	8-AGGCTAAGCC	4.589914	-49.619025	0	T:896.0(40.78%),B:10406.8(31.02%),P:1e-21	Tpos:99.4,Tstd:59.6,Bpos:101.1,Bstd:119.7,StrandBias:-0.0,Multiplicity:1.73
0.725	0.074	0.089	0.112
0.105	0.096	0.695	0.104
0.096	0.117	0.692	0.095
0.093	0.708	0.103	0.096
0.110	0.115	0.088	0.687
0.686	0.102	0.099	0.113
0.689	0.103	0.099	0.109
0.105	0.109	0.689	0.097
0.088	0.700	0.112	0.100
0.101	0.731	0.086	0.082
>AATTACCAAT	9-AATTACCAAT	10.296193	-48.163164	0	T:21.0(0.96%),B:14.7(0.04%),P:1e-20	Tpos:99.8,Tstd:18.9,Bpos:83.5,Bstd:53.1,StrandBias:0.1,Multiplicity:1.00
0.700	0.100	0.100	0.100
0.700	0.100	0.100	0.100
0.100	0.100	0.100	0.700
0.100	0.100	0.100	0.700
0.700	0.100	0.100	0.100
0.100	0.700	0.100	0.100
0.100	0.700	0.100	0.100
0.700	0.100	0.100	0.100
0.700	0.100	0.100	0.100
0.100	0.100	0.100	0.700
>GGCATCCAAC	10-GGCATCCAAC	10.296193	-46.070776	0	T:22.0(1.00%),B:18.8(0.06%),P:1e-20	Tpos:109.6,Tstd:34.3,Bpos:98.0,Bstd:51.4,StrandBias:0.1,Multiplicity:1.00
0.100	0.100	0.700	0.100
0.100	0.100	0.700	0.100
0.100	0.700	0.100	0.100
0.700	0.100	0.100	0.100
0.100	0.100	0.100	0.700
0.100	0.700	0.100	0.100
0.100	0.700	0.100	0.100
0.700	0.100	0.100	0.100
0.700	0.100	0.100	0.100
0.100	0.700	0.100	0.100
>CAYACACHCW	11-CAYACACHCW	4.738489	-43.480908	0	T:1144.0(52.07%),B:14260.3(42.51%),P:1e-18	Tpos:100.9,Tstd:57.5,Bpos:99.5,Bstd:101.5,StrandBias:-0.0,Multiplicity:1.50
0.154	0.557	0.001	0.288
0.468	0.256	0.010	0.266
0.001	0.471	0.132	0.395
0.511	0.029	0.170	0.290
0.001	0.853	0.001	0.145
0.577	0.018	0.001	0.404
0.001	0.551	0.245	0.203
0.310	0.278	0.050	0.362
0.186	0.437	0.189	0.188
0.428	0.107	0.001	0.464
>ACAGTAAATA	12-ACAGTAAATA	10.296193	-43.274642	0	T:19.0(0.86%),B:13.5(0.04%),P:1e-18	Tpos:97.1,Tstd:53.7,Bpos:88.6,Bstd:79.7,StrandBias:0.2,Multiplicity:1.00
0.700	0.100	0.100	0.100
0.100	0.700	0.100	0.100
0.700	0.100	0.100	0.100
0.100	0.100	0.700	0.100
0.100	0.100	0.100	0.700
0.700	0.100	0.100	0.100
0.700	0.100	0.100	0.100
0.700	0.100	0.100	0.100
0.100	0.100	0.100	0.700
0.700	0.100	0.100	0.100
>TATCCACTCA	13-TATCCACTCA	10.422520	-42.245058	0	T:38.0(1.73%),B:88.7(0.26%),P:1e-18	Tpos:116.5,Tstd:77.7,Bpos:86.0,Bstd:56.0,StrandBias:0.4,Multiplicity:1.00
0.001	0.001	0.001	0.997
0.997	0.001	0.001	0.001
0.001	0.001	0.001	0.997
0.001	0.997	0.001	0.001
0.001	0.990	0.001	0.008
0.997	0.001	0.001	0.001
0.001	0.677	0.321	0.001
0.001	0.001	0.001	0.997
0.001	0.997	0.001	0.001
0.895	0.103	0.001	0.001
>TTATTTCTAC	14-TTATTTCTAC	10.296193	-34.915603	0	T:22.0(1.00%),B:31.6(0.09%),P:1e-15	Tpos:111.5,Tstd:42.5,Bpos:70.2,Bstd:81.4,StrandBias:-0.3,Multiplicity:1.00
0.100	0.100	0.100	0.700
0.100	0.100	0.100	0.700
0.700	0.100	0.100	0.100
0.100	0.100	0.100	0.700
0.100	0.100	0.100	0.700
0.100	0.100	0.100	0.700
0.100	0.700	0.100	0.100
0.100	0.100	0.100	0.700
0.700	0.100	0.100	0.100
0.100	0.700	0.100	0.100
>ATACTGAGGA	15-ATACTGAGGA	10.199931	-33.734009	0	T:36.0(1.64%),B:103.5(0.31%),P:1e-14	Tpos:105.9,Tstd:71.0,Bpos:86.2,Bstd:83.6,StrandBias:0.1,Multiplicity:1.03
0.997	0.001	0.001	0.001
0.001	0.001	0.001	0.997
0.885	0.113	0.001	0.001
0.001	0.997	0.001	0.001
0.001	0.001	0.001	0.997
0.001	0.001	0.997	0.001
0.967	0.001	0.001	0.031
0.001	0.043	0.955	0.001
0.001	0.001	0.997	0.001
0.997	0.001	0.001	0.001
>AAGTCAAAAT	16-AAGTCAAAAT	10.296193	-33.049629	0	T:19.0(0.86%),B:23.2(0.07%),P:1e-14	Tpos:101.5,Tstd:13.3,Bpos:102.6,Bstd:40.8,StrandBias:0.3,Multiplicity:1.00
0.700	0.100	0.100	0.100
0.700	0.100	0.100	0.100
0.100	0.100	0.700	0.100
0.100	0.100	0.100	0.700
0.100	0.700	0.100	0.100
0.700	0.100	0.100	0.100
0.700	0.100	0.100	0.100
0.700	0.100	0.100	0.100
0.700	0.100	0.100	0.100
0.100	0.100	0.100	0.700
>TAACGTCCCT	17-TAACGTCCCT	9.858540	-32.293661	0	T:27.0(1.23%),B:58.9(0.18%),P:1e-14	Tpos:106.2,Tstd:54.6,Bpos:53.3,Bstd:48.0,StrandBias:0.1,Multiplicity:1.85
0.001	0.024	0.029	0.946
0.997	0.001	0.001	0.001
0.957	0.024	0.001	0.018
0.001	0.627	0.371	0.001
0.050	0.020	0.929	0.001
0.001	0.001	0.001	0.997
0.039	0.921	0.001	0.039
0.001	0.997	0.001	0.001
0.001	0.960	0.038	0.001
0.001	0.001	0.001	0.997
>AGGTGTATAC	18-AGGTGTATAC	6.548141	-28.884397	0	T:266.0(12.11%),B:2577.3(7.68%),P:1e-12	Tpos:105.2,Tstd:62.1,Bpos:97.9,Bstd:101.0,StrandBias:0.2,Multiplicity:1.09
0.795	0.050	0.083	0.072
0.083	0.053	0.819	0.045
0.073	0.066	0.807	0.054
0.102	0.069	0.068	0.761
0.067	0.082	0.758	0.093
0.060	0.049	0.091	0.800
0.809	0.047	0.078	0.066
0.038	0.078	0.069	0.815
0.807	0.085	0.069	0.039
0.055	0.833	0.057	0.055
>WKWCCTGWCC	19-WKWCCTGWCC	7.175698	-19.311891	0	T:189.0(8.60%),B:1864.0(5.56%),P:1e-8	Tpos:110.4,Tstd:55.5,Bpos:94.8,Bstd:102.5,StrandBias:0.7,Multiplicity:1.16
0.393	0.087	0.113	0.408
0.001	0.069	0.439	0.491
0.453	0.001	0.001	0.545
0.001	0.997	0.001	0.001
0.001	0.922	0.073	0.004
0.002	0.200	0.020	0.778
0.001	0.018	0.735	0.246
0.344	0.112	0.127	0.417
0.001	0.997	0.001	0.001
0.076	0.800	0.033	0.091
>ACAGCACAGC	20-ACAGCACAGC	6.902116	-19.228236	0	T:242.0(11.02%),B:2534.6(7.56%),P:1e-8	Tpos:96.9,Tstd:55.3,Bpos:99.9,Bstd:106.6,StrandBias:0.3,Multiplicity:1.02
0.748	0.113	0.050	0.089
0.055	0.809	0.075	0.061
0.818	0.065	0.022	0.095
0.089	0.084	0.668	0.159
0.131	0.770	0.088	0.011
0.743	0.074	0.085	0.098
0.067	0.826	0.075	0.032
0.804	0.067	0.069	0.060
0.103	0.034	0.825	0.038
0.012	0.986	0.001	0.001
>ASACTAGACT	21-ASACTAGACT	6.524599	-19.058360	0	T:111.0(5.05%),B:940.7(2.80%),P:1e-8	Tpos:111.4,Tstd:57.0,Bpos:99.2,Bstd:102.0,StrandBias:-0.1,Multiplicity:1.22
0.572	0.145	0.087	0.196
0.055	0.324	0.426	0.195
0.729	0.085	0.167	0.019
0.037	0.811	0.124	0.028
0.227	0.126	0.152	0.496
0.535	0.262	0.115	0.088
0.078	0.160	0.657	0.105
0.707	0.166	0.113	0.014
0.114	0.562	0.162	0.162
0.226	0.095	0.125	0.554
>CWWRCCHHCS	22-CWWRCCHHCS	5.627928	-18.987583	0	T:125.0(5.69%),B:1102.3(3.29%),P:1e-8	Tpos:95.9,Tstd:55.1,Bpos:96.0,Bstd:99.9,StrandBias:-0.3,Multiplicity:1.04
0.194	0.462	0.177	0.167
0.414	0.243	0.040	0.303
0.488	0.035	0.033	0.444
0.401	0.062	0.294	0.243
0.029	0.872	0.055	0.044
0.038	0.483	0.250	0.228
0.417	0.271	0.017	0.295
0.288	0.303	0.023	0.387
0.039	0.447	0.276	0.238
0.043	0.388	0.530	0.039
>TGAGCTGTGT	23-TGAGCTGTGT	6.081393	-13.953403	0	T:406.0(18.48%),B:4941.6(14.73%),P:1e-6	Tpos:102.2,Tstd:54.0,Bpos:96.0,Bstd:95.8,StrandBias:-0.2,Multiplicity:1.07
0.106	0.096	0.027	0.771
0.091	0.161	0.675	0.073
0.454	0.001	0.248	0.297
0.001	0.001	0.911	0.087
0.185	0.550	0.041	0.224
0.094	0.134	0.164	0.608
0.047	0.109	0.831	0.013
0.297	0.001	0.154	0.548
0.001	0.050	0.807	0.142
0.001	0.001	0.001	0.997
>TTAGGCAAGG	24-TTAGGCAAGG	10.296193	-5.687540	0	T:5.0(0.23%),B:15.1(0.04%),P:1e-2	Tpos:140.2,Tstd:36.7,Bpos:112.2,Bstd:28.0,StrandBias:-0.6,Multiplicity:1.00
0.100	0.100	0.100	0.700
0.100	0.100	0.100	0.700
0.700	0.100	0.100	0.100
0.100	0.100	0.700	0.100
0.100	0.100	0.700	0.100
0.100	0.700	0.100	0.100
0.700	0.100	0.100	0.100
0.700	0.100	0.100	0.100
0.100	0.100	0.700	0.100
0.100	0.100	0.700	0.100
>ATWATWATTA	25-ATWATWATTA	7.707708	-3.668261	0	T:72.0(3.28%),B:864.7(2.58%),P:1e-1	Tpos:106.3,Tstd:60.3,Bpos:106.2,Bstd:82.4,StrandBias:0.0,Multiplicity:1.24
0.620	0.197	0.001	0.182
0.001	0.038	0.119	0.842
0.452	0.001	0.001	0.546
0.971	0.001	0.001	0.027
0.128	0.001	0.093	0.778
0.487	0.028	0.060	0.425
0.591	0.133	0.001	0.275
0.001	0.090	0.001	0.908
0.331	0.001	0.126	0.542
0.779	0.001	0.219	0.001
>AATTATAAGTCA	1-AATTATAAGTCA	12.355432	-91.269155	0	T:19.0(0.86%),B:1.7(0.01%),P:1e-39	Tpos:95.3,Tstd:88.6,Bpos:109.8,Bstd:18.8,StrandBias:0.2,Multiplicity:1.00
0.700	0.100	0.100	0.100
0.700	0.100	0.100	0.100
0.100	0.100	0.100	0.700
0.100	0.100	0.100	0.700
0.700	0.100	0.100	0.100
0.100	0.100	0.100	0.700
0.700	0.100	0.100	0.100
0.700	0.100	0.100	0.100
0.100	0.100	0.700	0.100
0.100	0.100	0.100	0.700
0.100	0.700	0.100	0.100
0.700	0.100	0.100	0.100
>AGTCAGAAGAAA	2-AGTCAGAAGAAA	12.355432	-91.269155	0	T:19.0(0.86%),B:2.0(0.01%),P:1e-39	Tpos:95.9,Tstd:76.7,Bpos:76.2,Bstd:16.4,StrandBias:0.2,Multiplicity:1.00
0.700	0.100	0.100	0.100
0.100	0.100	0.700	0.100
0.100	0.100	0.100	0.700
0.100	0.700	0.100	0.100
0.700	0.100	0.100	0.100
0.100	0.100	0.700	0.100
0.700	0.100	0.100	0.100
0.700	0.100	0.100	0.100
0.100	0.100	0.700	0.100
0.700	0.100	0.100	0.100
0.700	0.100	0.100	0.100
0.700	0.100	0.100	0.100
>GAGAACAACAGT	3-GAGAACAACAGT	12.355432	-78.161030	0	T:19.0(0.86%),B:2.6(0.01%),P:1e-33	Tpos:96.8,Tstd:59.7,Bpos:88.8,Bstd:21.6,StrandBias:0.2,Multiplicity:1.00
0.100	0.100	0.700	0.100
0.700	0.100	0.100	0.100
0.100	0.100	0.700	0.100
0.700	0.100	0.100	0.100
0.700	0.100	0.100	0.100
0.100	0.700	0.100	0.100
0.700	0.100	0.100	0.100
0.700	0.100	0.100	0.100
0.100	0.700	0.100	0.100
0.700	0.100	0.100	0.100
0.100	0.100	0.700	0.100
0.100	0.100	0.100	0.700
>CAGWSCAKMSCW	4-CAGWSCAKMSCW	5.003898	-69.104115	0	T:1088.0(49.52%),B:12569.4(37.47%),P:1e-30	Tpos:99.9,Tstd:58.3,Bpos:101.2,Bstd:109.2,StrandBias:-0.0,Multiplicity:1.38
0.043	0.856	0.036	0.065
0.759	0.040	0.001	0.200
0.181	0.239	0.463	0.116
0.343	0.171	0.177	0.309
0.084	0.497	0.349	0.070
0.187	0.672	0.012	0.129
0.601	0.005	0.001	0.393
0.101	0.120	0.360	0.418
0.295	0.379	0.198	0.129
0.102	0.365	0.428	0.105
0.076	0.855	0.034	0.035
0.390	0.177	0.029	0.404
>AACAATTCAATT	5-AACAATTCAATT	12.355432	-65.057860	0	T:20.0(0.91%),B:5.3(0.02%),P:1e-28	Tpos:97.6,Tstd:22.8,Bpos:99.8,Bstd:51.4,StrandBias:0.3,Multiplicity:1.00
0.700	0.100	0.100	0.100
0.700	0.100	0.100	0.100
0.100	0.700	0.100	0.100
0.700	0.100	0.100	0.100
0.700	0.100	0.100	0.100
0.100	0.100	0.100	0.700
0.100	0.100	0.100	0.700
0.100	0.700	0.100	0.100
0.700	0.100	0.100	0.100
0.700	0.100	0.100	0.100
0.100	0.100	0.100	0.700
0.100	0.100	0.100	0.700
>ATGGCATCCAAC	6-ATGGCATCCAAC	13.537205	-56.227993	0	T:23.0(1.05%),B:13.4(0.04%),P:1e-24	Tpos:110.3,Tstd:33.7,Bpos:99.4,Bstd:57.3,StrandBias:0.1,Multiplicity:1.00
0.997	0.001	0.001	0.001
0.001	0.049	0.001	0.949
0.001	0.001	0.997	0.001
0.001	0.001	0.997	0.001
0.001	0.997	0.001	0.001
0.997	0.001	0.001	0.001
0.049	0.001	0.001	0.949
0.001	0.997	0.001	0.001
0.001	0.997	0.001	0.001
0.997	0.001	0.001	0.001
0.997	0.001	0.001	0.001
0.001	0.997	0.001	0.001
>CCAACAGCTTCA	7-CCAACAGCTTCA	13.469350	-54.619403	0	T:22.0(1.00%),B:12.3(0.04%),P:1e-23	Tpos:95.2,Tstd:15.1,Bpos:105.5,Bstd:52.7,StrandBias:-0.3,Multiplicity:1.00
0.001	0.997	0.001	0.001
0.048	0.950	0.001	0.001
0.997	0.001	0.001	0.001
0.997	0.001	0.001	0.001
0.001	0.997	0.001	0.001
0.997	0.001	0.001	0.001
0.001	0.001	0.997	0.001
0.048	0.950	0.001	0.001
0.001	0.001	0.001	0.997
0.001	0.001	0.001	0.997
0.001	0.997	0.001	0.001
0.950	0.001	0.001	0.048
>NACTTAYYTAKC	8-NACTTAYYTAKC	8.175562	-50.843403	0	T:24.0(1.09%),B:19.5(0.06%),P:1e-22	Tpos:95.6,Tstd:42.1,Bpos:94.5,Bstd:58.1,StrandBias:0.1,Multiplicity:1.00
0.248	0.196	0.232	0.324
0.642	0.141	0.096	0.121
0.177	0.621	0.078	0.124
0.054	0.131	0.112	0.703
0.075	0.136	0.102	0.687
0.483	0.142	0.222	0.152
0.176	0.343	0.079	0.403
0.099	0.461	0.099	0.341
0.083	0.154	0.035	0.728
0.652	0.077	0.075	0.196
0.114	0.152	0.391	0.344
0.148	0.423	0.178	0.251
>CTRKACTATACT	9-CTRKACTATACT	5.617366	-50.795542	0	T:564.0(25.67%),B:5817.7(17.34%),P:1e-22	Tpos:98.9,Tstd:62.6,Bpos:98.8,Bstd:106.2,StrandBias:-0.1,Multiplicity:1.21
0.001	0.830	0.168	0.001
0.222	0.016	0.001	0.761
0.519	0.016	0.464	0.001
0.147	0.065	0.399	0.388
0.620	0.203	0.176	0.001
0.081	0.783	0.135	0.001
0.060	0.154	0.043	0.743
0.686	0.034	0.279	0.001
0.224	0.024	0.240	0.512
0.701	0.113	0.176	0.010
0.001	0.872	0.091	0.036
0.169	0.167	0.001	0.663
>TAGGACTGGATA	10-TAGGACTGGATA	9.907269	-43.650632	0	T:46.0(2.09%),B:128.9(0.38%),P:1e-18	Tpos:95.7,Tstd:69.8,Bpos:100.0,Bstd:64.3,StrandBias:0.1,Multiplicity:1.00
0.072	0.048	0.096	0.784
0.987	0.001	0.001	0.011
0.001	0.131	0.749	0.119
0.235	0.001	0.763	0.001
0.775	0.083	0.001	0.141
0.094	0.728	0.142	0.036
0.047	0.001	0.047	0.905
0.047	0.047	0.905	0.001
0.047	0.001	0.905	0.047
0.905	0.047	0.047	0.001
0.072	0.001	0.047	0.880
0.729	0.094	0.083	0.094
>ACATTATTTCTA	11-ACATTATTTCTA	13.884381	-42.865180	0	T:22.0(1.00%),B:21.9(0.07%),P:1e-18	Tpos:111.4,Tstd:41.1,Bpos:59.3,Bstd:79.2,StrandBias:0.0,Multiplicity:1.00
0.997	0.001	0.001	0.001
0.066	0.932	0.001	0.001
0.997	0.001	0.001	0.001
0.001	0.001	0.001	0.997
0.001	0.001	0.001	0.997
0.997	0.001	0.001	0.001
0.001	0.001	0.001	0.997
0.001	0.001	0.001	0.997
0.001	0.001	0.001	0.997
0.001	0.997	0.001	0.001
0.001	0.001	0.001	0.997
0.997	0.001	0.001	0.001
>SRATTAATTAAT	12-SRATTAATTAAT	15.052103	-42.473916	0	T:20.0(0.91%),B:16.9(0.05%),P:1e-18	Tpos:99.2,Tstd:8.9,Bpos:91.8,Bstd:43.1,StrandBias:0.3,Multiplicity:1.00
0.001	0.391	0.458	0.150
0.541	0.001	0.457	0.001
0.997	0.001	0.001	0.001
0.001	0.001	0.001	0.997
0.001	0.001	0.001	0.997
0.997	0.001	0.001	0.001
0.997	0.001	0.001	0.001
0.001	0.001	0.001	0.997
0.001	0.001	0.001	0.997
0.997	0.001	0.001	0.001
0.997	0.001	0.001	0.001
0.001	0.001	0.001	0.997
>CGATCCTGAGGA	13-CGATCCTGAGGA	10.640971	-34.789604	0	T:34.0(1.55%),B:88.0(0.26%),P:1e-15	Tpos:108.3,Tstd:68.1,Bpos:79.6,Bstd:66.1,StrandBias:0.1,Multiplicity:1.03
0.149	0.702	0.146	0.003
0.075	0.001	0.923	0.001
0.774	0.076	0.074	0.076
0.073	0.001	0.001	0.925
0.025	0.973	0.001	0.001
0.002	0.994	0.001	0.003
0.224	0.058	0.056	0.662
0.001	0.096	0.902	0.001
0.669	0.001	0.197	0.133
0.112	0.003	0.884	0.001
0.076	0.077	0.773	0.074
0.792	0.130	0.074	0.004
>GTAGAAGGGAMG	14-GTAGAAGGGAMG	10.602742	-34.295650	0	T:37.0(1.68%),B:107.1(0.32%),P:1e-14	Tpos:101.1,Tstd:57.4,Bpos:65.4,Bstd:73.4,StrandBias:0.1,Multiplicity:1.56
0.001	0.001	0.878	0.120
0.138	0.001	0.101	0.760
0.812	0.001	0.001	0.186
0.001	0.001	0.997	0.001
0.662	0.001	0.001	0.336
0.877	0.001	0.121	0.001
0.125	0.161	0.433	0.281
0.159	0.001	0.839	0.001
0.137	0.139	0.723	0.001
0.839	0.001	0.001	0.159
0.442	0.436	0.001	0.121
0.001	0.169	0.709	0.121
>GGACTGGATACA	15-GGACTGGATACA	6.778082	-27.629005	0	T:237.0(10.79%),B:2251.4(6.71%),P:1e-11	Tpos:90.8,Tstd:56.8,Bpos:95.3,Bstd:95.2,StrandBias:-0.1,Multiplicity:1.04
0.076	0.075	0.773	0.076
0.111	0.118	0.692	0.079
0.776	0.068	0.095	0.061
0.123	0.643	0.116	0.118
0.074	0.055	0.045	0.826
0.049	0.041	0.802	0.108
0.049	0.070	0.822	0.059
0.725	0.071	0.103	0.101
0.162	0.074	0.085	0.679
0.703	0.126	0.096	0.075
0.089	0.748	0.104	0.059
0.813	0.084	0.046	0.057
>AGTCTAGTCTAG	16-AGTCTAGTCTAG	4.694683	-24.403458	0	T:773.0(35.18%),B:9626.4(28.70%),P:1e-10	Tpos:97.9,Tstd:58.7,Bpos:97.9,Bstd:102.6,StrandBias:-0.0,Multiplicity:1.16
0.636	0.108	0.113	0.143
0.117	0.070	0.734	0.079
0.140	0.132	0.140	0.588
0.094	0.682	0.120	0.104
0.075	0.091	0.143	0.691
0.693	0.072	0.102	0.133
0.111	0.114	0.689	0.086
0.136	0.111	0.096	0.657
0.101	0.726	0.093	0.080
0.117	0.131	0.119	0.633
0.640	0.163	0.125	0.072
0.083	0.150	0.635	0.132
>GTCTGTCTGTCT	17-GTCTGTCTGTCT	5.752180	-23.400308	0	T:482.0(21.94%),B:5577.3(16.63%),P:1e-10	Tpos:94.6,Tstd:52.7,Bpos:100.1,Bstd:97.3,StrandBias:0.1,Multiplicity:1.09
0.105	0.084	0.675	0.136
0.088	0.063	0.084	0.765
0.067	0.596	0.126	0.211
0.056	0.001	0.042	0.901
0.084	0.147	0.717	0.052
0.084	0.063	0.021	0.832
0.063	0.761	0.042	0.134
0.077	0.021	0.105	0.797
0.021	0.084	0.738	0.157
0.126	0.147	0.084	0.643
0.063	0.811	0.021	0.105
0.077	0.042	0.105	0.776
>GTCTGTCTGTGT	18-GTCTGTCTGTGT	8.327266	-21.539134	0	T:145.0(6.60%),B:1284.9(3.83%),P:1e-9	Tpos:102.9,Tstd:56.9,Bpos:100.1,Bstd:109.2,StrandBias:-0.2,Multiplicity:1.12
0.013	0.056	0.863	0.068
0.055	0.060	0.017	0.868
0.047	0.639	0.269	0.045
0.006	0.011	0.001	0.982
0.036	0.059	0.866	0.039
0.019	0.043	0.040	0.898
0.064	0.645	0.276	0.015
0.052	0.008	0.043	0.897
0.039	0.081	0.841	0.039
0.045	0.018	0.033	0.904
0.090	0.096	0.721	0.093
0.024	0.048	0.050	0.878
>CTTTGGCTTAGG	19-CTTTGGCTTAGG	7.440821	-18.910310	0	T:188.0(8.56%),B:1862.3(5.55%),P:1e-8	Tpos:99.0,Tstd:57.8,Bpos:97.9,Bstd:129.1,StrandBias:0.2,Multiplicity:1.39
0.138	0.683	0.110	0.069
0.057	0.088	0.046	0.809
0.029	0.227	0.022	0.722
0.282	0.019	0.188	0.511
0.057	0.019	0.857	0.067
0.001	0.108	0.793	0.098
0.001	0.830	0.113	0.056
0.125	0.139	0.119	0.617
0.123	0.210	0.162	0.505
0.648	0.019	0.080	0.253
0.045	0.019	0.837	0.099
0.076	0.074	0.849	0.001
>CTCTCTCTCGCT	20-CTCTCTCTCGCT	9.024299	-15.576382	0	T:90.0(4.10%),B:765.0(2.28%),P:1e-6	Tpos:96.5,Tstd:54.7,Bpos:88.8,Bstd:111.3,StrandBias:0.3,Multiplicity:1.11
0.044	0.846	0.059	0.051
0.028	0.028	0.010	0.934
0.039	0.810	0.078	0.073
0.033	0.033	0.071	0.863
0.074	0.869	0.024	0.033
0.017	0.046	0.043	0.894
0.033	0.862	0.068	0.037
0.024	0.060	0.050	0.866
0.130	0.772	0.055	0.043
0.106	0.097	0.602	0.195
0.094	0.837	0.010	0.059
0.053	0.050	0.046	0.851
>TCGATCCATTTC	21-TCGATCCATTTC	8.720471	-13.676070	0	T:15.0(0.68%),B:48.7(0.15%),P:1e-5	Tpos:117.1,Tstd:32.7,Bpos:118.3,Bstd:42.1,StrandBias:1.1,Multiplicity:1.00
0.001	0.001	0.001	0.997
0.003	0.995	0.001	0.001
0.265	0.001	0.733	0.001
0.997	0.001	0.001	0.001
0.001	0.001	0.001	0.997
0.001	0.748	0.001	0.250
0.013	0.985	0.001	0.001
0.790	0.208	0.001	0.001
0.018	0.001	0.195	0.786
0.001	0.001	0.001	0.997
0.194	0.001	0.001	0.804
0.001	0.947	0.051	0.001
>CAACTCAACTCA	22-CAACTCAACTCA	10.539376	-13.427012	0	T:15.0(0.68%),B:49.5(0.15%),P:1e-5	Tpos:126.2,Tstd:58.1,Bpos:117.6,Bstd:107.8,StrandBias:1.6,Multiplicity:1.00
0.302	0.689	0.008	0.001
0.845	0.077	0.001	0.077
0.841	0.075	0.078	0.006
0.001	0.973	0.001	0.025
0.075	0.004	0.150	0.771
0.001	0.918	0.080	0.001
0.697	0.075	0.078	0.150
0.849	0.001	0.149	0.001
0.001	0.997	0.001	0.001
0.152	0.003	0.001	0.844
0.153	0.622	0.150	0.075
0.919	0.005	0.001	0.075
>AAWATAAAATAA	23-AAWATAAAATAA	13.137103	-5.677279	0	T:7.0(0.32%),B:29.6(0.09%),P:1e-2	Tpos:93.8,Tstd:62.0,Bpos:103.2,Bstd:49.9,StrandBias:-0.1,Multiplicity:1.67
0.916	0.001	0.082	0.001
0.997	0.001	0.001	0.001
0.488	0.001	0.001	0.510
0.997	0.001	0.001	0.001
0.001	0.001	0.001	0.997
0.997	0.001	0.001	0.001
0.997	0.001	0.001	0.001
0.799	0.001	0.001	0.199
0.997	0.001	0.001	0.001
0.083	0.083	0.001	0.833
0.997	0.001	0.001	0.001
0.997	0.001	0.001	0.001
>ATTATTATTATT	24-ATTATTATTATT	12.355432	-5.551997	0	T:9.0(0.41%),B:47.0(0.14%),P:1e-2	Tpos:105.3,Tstd:59.2,Bpos:115.1,Bstd:72.2,StrandBias:1.0,Multiplicity:1.00
0.700	0.100	0.100	0.100
0.100	0.100	0.100	0.700
0.100	0.100	0.100	0.700
0.700	0.100	0.100	0.100
0.100	0.100	0.100	0.700
0.100	0.100	0.100	0.700
0.700	0.100	0.100	0.100
0.100	0.100	0.100	0.700
0.100	0.100	0.100	0.700
0.700	0.100	0.100	0.100
0.100	0.100	0.100	0.700
0.100	0.100	0.100	0.700
>ATTAATTAATTA	25-ATTAATTAATTA	13.716807	-2.723603	0	T:3.0(0.14%),B:14.4(0.04%),P:1e-1	Tpos:91.5,Tstd:10.8,Bpos:89.8,Bstd:55.8,StrandBias:0.6,Multiplicity:1.50
0.997	0.001	0.001	0.001
0.067	0.001	0.001	0.931
0.088	0.001	0.001	0.910
0.997	0.001	0.001	0.001
0.997	0.001	0.001	0.001
0.001	0.001	0.001	0.997
0.001	0.001	0.001	0.997
0.997	0.001	0.001	0.001
0.997	0.001	0.001	0.001
0.001	0.088	0.001	0.910
0.001	0.001	0.001	0.997
0.997	0.001	0.001	0.001
>CTACDCTG	1-CTACDCTG	4.320698	-51.840016	0	T:1153.0(52.48%),B:14087.7(42.00%),P:1e-22	Tpos:97.6,Tstd:60.7,Bpos:100.0,Bstd:106.6,StrandBias:0.0,Multiplicity:1.33
0.253	0.482	0.137	0.127
0.191	0.109	0.054	0.646
0.488	0.173	0.285	0.055
0.150	0.713	0.001	0.136
0.238	0.184	0.233	0.345
0.095	0.814	0.090	0.001
0.189	0.137	0.082	0.592
0.108	0.185	0.641	0.066
>CCWTACCC	2-CCWTACCC	5.378966	-51.459262	0	T:879.0(40.01%),B:10104.8(30.12%),P:1e-22	Tpos:98.0,Tstd:59.0,Bpos:99.4,Bstd:106.9,StrandBias:0.1,Multiplicity:1.30
0.062	0.484	0.242	0.212
0.001	0.929	0.001	0.069
0.396	0.039	0.073	0.492
0.210	0.001	0.244	0.545
0.777	0.110	0.001	0.112
0.001	0.677	0.285	0.037
0.123	0.788	0.001	0.088
0.197	0.507	0.097	0.199
>ASDATACA	3-ASDATACA	5.267130	-51.125528	0	T:1115.0(50.75%),B:13545.4(40.38%),P:1e-22	Tpos:101.3,Tstd:60.3,Bpos:99.4,Bstd:95.6,StrandBias:0.2,Multiplicity:1.37
0.997	0.001	0.001	0.001
0.001	0.475	0.523	0.001
0.278	0.146	0.224	0.352
0.585	0.001	0.413	0.001
0.001	0.216	0.197	0.586
0.997	0.001	0.001	0.001
0.052	0.632	0.171	0.145
0.797	0.001	0.201	0.001
>TCACCCTA	4-TCACCCTA	5.417898	-41.344995	0	T:471.0(21.44%),B:4855.2(14.47%),P:1e-17	Tpos:108.7,Tstd:58.7,Bpos:96.9,Bstd:92.4,StrandBias:-0.0,Multiplicity:1.10
0.047	0.036	0.037	0.880
0.209	0.567	0.125	0.099
0.777	0.053	0.043	0.127
0.058	0.769	0.123	0.050
0.060	0.717	0.148	0.075
0.064	0.814	0.058	0.064
0.099	0.077	0.028	0.796
0.689	0.077	0.066	0.168
>AGASAGAG	5-AGASAGAG	5.698314	-37.846628	0	T:671.0(30.54%),B:7646.5(22.80%),P:1e-16	Tpos:101.9,Tstd:56.5,Bpos:98.4,Bstd:113.0,StrandBias:0.0,Multiplicity:1.41
0.860	0.001	0.138	0.001
0.001	0.109	0.889	0.001
0.709	0.055	0.055	0.181
0.001	0.475	0.523	0.001
0.598	0.001	0.001	0.400
0.026	0.001	0.972	0.001
0.886	0.001	0.074	0.039
0.001	0.218	0.780	0.001
>TAGGCTAG	6-TAGGCTAG	4.612756	-31.079489	0	T:938.0(42.69%),B:11718.8(34.94%),P:1e-13	Tpos:99.5,Tstd:60.6,Bpos:98.1,Bstd:107.2,StrandBias:-0.0,Multiplicity:1.61
0.092	0.091	0.070	0.747
0.786	0.033	0.092	0.089
0.041	0.090	0.801	0.068
0.085	0.143	0.652	0.120
0.113	0.737	0.076	0.074
0.100	0.066	0.018	0.816
0.708	0.049	0.119	0.124
0.104	0.067	0.756	0.073
>GTCCGGTC	7-GTCCGGTC	6.302425	-29.336196	0	T:307.0(13.97%),B:3077.1(9.17%),P:1e-12	Tpos:100.1,Tstd:58.2,Bpos:101.7,Bstd:117.3,StrandBias:0.2,Multiplicity:1.12
0.255	0.001	0.743	0.001
0.062	0.110	0.001	0.827
0.070	0.693	0.236	0.001
0.001	0.683	0.293	0.023
0.312	0.001	0.556	0.131
0.094	0.001	0.899	0.006
0.089	0.109	0.010	0.792
0.001	0.619	0.367	0.013
>TTATCTAG	8-TTATCTAG	8.855369	-26.185318	0	T:63.0(2.87%),B:353.0(1.05%),P:1e-11	Tpos:92.9,Tstd:47.3,Bpos:99.1,Bstd:86.4,StrandBias:-0.4,Multiplicity:1.05
0.001	0.001	0.001	0.997
0.001	0.001	0.001	0.997
0.997	0.001	0.001	0.001
0.001	0.160	0.001	0.838
0.001	0.868	0.130	0.001
0.001	0.001	0.001	0.997
0.997	0.001	0.001	0.001
0.001	0.001	0.997	0.001
>CCCTACTA	9-CCCTACTA	10.714075	-24.652767	0	T:39.0(1.78%),B:164.2(0.49%),P:1e-10	Tpos:101.6,Tstd:64.1,Bpos:87.5,Bstd:73.3,StrandBias:-0.6,Multiplicity:1.06
0.001	0.997	0.001	0.001
0.001	0.997	0.001	0.001
0.001	0.997	0.001	0.001
0.001	0.001	0.001	0.997
0.701	0.001	0.001	0.297
0.001	0.997	0.001	0.001
0.001	0.001	0.001	0.997
0.997	0.001	0.001	0.001
>GTGTGTRT	10-GTGTGTRT	3.670738	-23.876354	0	T:878.0(39.96%),B:11177.4(33.32%),P:1e-10	Tpos:102.5,Tstd:59.5,Bpos:99.0,Bstd:107.2,StrandBias:0.0,Multiplicity:1.49
0.001	0.022	0.976	0.001
0.034	0.001	0.056	0.909
0.043	0.001	0.936	0.020
0.001	0.025	0.019	0.955
0.033	0.001	0.965	0.001
0.056	0.049	0.001	0.894
0.533	0.034	0.432	0.001
0.001	0.089	0.037	0.873
>ACAACAGT	11-ACAACAGT	7.352844	-20.118019	0	T:114.0(5.19%),B:955.8(2.85%),P:1e-8	Tpos:90.8,Tstd:52.1,Bpos:103.8,Bstd:90.3,StrandBias:0.4,Multiplicity:1.01
0.997	0.001	0.001	0.001
0.001	0.790	0.208	0.001
0.997	0.001	0.001	0.001
0.868	0.001	0.001	0.130
0.001	0.997	0.001	0.001
0.894	0.001	0.001	0.104
0.001	0.001	0.997	0.001
0.001	0.001	0.001	0.997
>CATCCAAC	12-CATCCAAC	10.718345	-19.781626	0	T:48.0(2.18%),B:274.5(0.82%),P:1e-8	Tpos:110.2,Tstd:46.5,Bpos:101.7,Bstd:73.8,StrandBias:-0.5,Multiplicity:1.00
0.294	0.704	0.001	0.001
0.997	0.001	0.001	0.001
0.001	0.001	0.001	0.997
0.001	0.997	0.001	0.001
0.001	0.997	0.001	0.001
0.997	0.001	0.001	0.001
0.997	0.001	0.001	0.001
0.001	0.997	0.001	0.001
>TCTAAGGT	13-TCTAAGGT	8.236954	-18.055423	0	T:27.0(1.23%),B:111.1(0.33%),P:1e-7	Tpos:96.3,Tstd:58.9,Bpos:77.5,Bstd:69.9,StrandBias:-0.1,Multiplicity:1.00
0.100	0.100	0.100	0.700
0.100	0.700	0.100	0.100
0.100	0.100	0.100	0.700
0.700	0.100	0.100	0.100
0.700	0.100	0.100	0.100
0.100	0.100	0.700	0.100
0.100	0.100	0.700	0.100
0.100	0.100	0.100	0.700
>ATTACTTA	14-ATTACTTA	9.179607	-16.058572	0	T:41.0(1.87%),B:244.2(0.73%),P:1e-6	Tpos:93.6,Tstd:31.2,Bpos:99.7,Bstd:75.0,StrandBias:0.2,Multiplicity:1.15
0.997	0.001	0.001	0.001
0.315	0.001	0.001	0.683
0.001	0.001	0.001	0.997
0.997	0.001	0.001	0.001
0.322	0.676	0.001	0.001
0.001	0.001	0.001	0.997
0.315	0.001	0.001	0.683
0.997	0.001	0.001	0.001
>TATTTCTA	15-TATTTCTA	8.236954	-16.015648	0	T:39.0(1.78%),B:226.2(0.67%),P:1e-6	Tpos:106.4,Tstd:42.0,Bpos:91.8,Bstd:66.7,StrandBias:0.1,Multiplicity:1.05
0.100	0.100	0.100	0.700
0.700	0.100	0.100	0.100
0.100	0.100	0.100	0.700
0.100	0.100	0.100	0.700
0.100	0.100	0.100	0.700
0.100	0.700	0.100	0.100
0.100	0.100	0.100	0.700
0.700	0.100	0.100	0.100
>TACTGAGG	16-TACTGAGG	8.236954	-15.571182	0	T:34.0(1.55%),B:185.2(0.55%),P:1e-6	Tpos:108.4,Tstd:68.2,Bpos:91.4,Bstd:90.8,StrandBias:-0.4,Multiplicity:1.00
0.100	0.100	0.100	0.700
0.700	0.100	0.100	0.100
0.100	0.700	0.100	0.100
0.100	0.100	0.100	0.700
0.100	0.100	0.700	0.100
0.700	0.100	0.100	0.100
0.100	0.100	0.700	0.100
0.100	0.100	0.700	0.100
>TAACGTCC	17-TAACGTCC	9.792779	-15.281588	0	T:42.0(1.91%),B:261.7(0.78%),P:1e-6	Tpos:97.9,Tstd:53.6,Bpos:95.3,Bstd:95.1,StrandBias:0.2,Multiplicity:1.00
0.001	0.001	0.001	0.997
0.997	0.001	0.001	0.001
0.997	0.001	0.001	0.001
0.001	0.997	0.001	0.001
0.279	0.001	0.719	0.001
0.001	0.001	0.001	0.997
0.001	0.997	0.001	0.001
0.001	0.997	0.001	0.001
>CAATTCAA	18-CAATTCAA	8.236954	-13.959728	0	T:42.0(1.91%),B:275.7(0.82%),P:1e-6	Tpos:110.1,Tstd:43.0,Bpos:103.4,Bstd:74.4,StrandBias:0.5,Multiplicity:1.10
0.100	0.700	0.100	0.100
0.700	0.100	0.100	0.100
0.700	0.100	0.100	0.100
0.100	0.100	0.100	0.700
0.100	0.100	0.100	0.700
0.100	0.700	0.100	0.100
0.700	0.100	0.100	0.100
0.700	0.100	0.100	0.100
>TCAAGTCA	19-TCAAGTCA	8.706904	-12.919682	0	T:40.0(1.82%),B:268.0(0.80%),P:1e-5	Tpos:93.7,Tstd:55.0,Bpos:107.1,Bstd:86.1,StrandBias:-0.2,Multiplicity:1.49
0.369	0.001	0.001	0.629
0.001	0.753	0.001	0.245
0.556	0.252	0.001	0.191
0.892	0.001	0.001	0.106
0.001	0.109	0.737	0.153
0.001	0.036	0.001	0.962
0.028	0.780	0.191	0.001
0.710	0.252	0.001	0.037
>CATCTCAT	20-CATCTCAT	6.552699	-10.202405	0	T:122.0(5.55%),B:1279.7(3.81%),P:1e-4	Tpos:91.4,Tstd:58.7,Bpos:99.3,Bstd:91.2,StrandBias:0.8,Multiplicity:1.19
0.001	0.997	0.001	0.001
0.871	0.127	0.001	0.001
0.001	0.001	0.001	0.997
0.001	0.890	0.108	0.001
0.001	0.001	0.001	0.997
0.001	0.887	0.001	0.111
0.997	0.001	0.001	0.001
0.001	0.108	0.001	0.890
>TTAKTATT	21-TTAKTATT	8.035899	-9.973439	0	T:67.0(3.05%),B:609.7(1.82%),P:1e-4	Tpos:105.5,Tstd:57.5,Bpos:102.3,Bstd:81.1,StrandBias:0.3,Multiplicity:1.13
0.123	0.001	0.001	0.875
0.331	0.124	0.001	0.544
0.997	0.001	0.001	0.001
0.001	0.197	0.433	0.369
0.004	0.001	0.013	0.982
0.561	0.013	0.198	0.228
0.001	0.255	0.004	0.740
0.073	0.001	0.001	0.925
