>CTACDCTG	1-CTACDCTG	4.320698	-51.840016	0	T:1153.0(52.48%),B:14087.7(42.00%),P:1e-22	Tpos:97.6,Tstd:60.7,Bpos:100.0,Bstd:106.6,StrandBias:0.0,Multiplicity:1.33
0.253	0.482	0.137	0.127
0.191	0.109	0.054	0.646
0.488	0.173	0.285	0.055
0.150	0.713	0.001	0.136
0.238	0.184	0.233	0.345
0.095	0.814	0.090	0.001
0.189	0.137	0.082	0.592
0.108	0.185	0.641	0.066
>CCWTACCC	2-CCWTACCC	5.378966	-51.459262	0	T:879.0(40.01%),B:10104.8(30.12%),P:1e-22	Tpos:98.0,Tstd:59.0,Bpos:99.4,Bstd:106.9,StrandBias:0.1,Multiplicity:1.30
0.062	0.484	0.242	0.212
0.001	0.929	0.001	0.069
0.396	0.039	0.073	0.492
0.210	0.001	0.244	0.545
0.777	0.110	0.001	0.112
0.001	0.677	0.285	0.037
0.123	0.788	0.001	0.088
0.197	0.507	0.097	0.199
>ASDATACA	3-ASDATACA	5.267130	-51.125528	0	T:1115.0(50.75%),B:13545.4(40.38%),P:1e-22	Tpos:101.3,Tstd:60.3,Bpos:99.4,Bstd:95.6,StrandBias:0.2,Multiplicity:1.37
0.997	0.001	0.001	0.001
0.001	0.475	0.523	0.001
0.278	0.146	0.224	0.352
0.585	0.001	0.413	0.001
0.001	0.216	0.197	0.586
0.997	0.001	0.001	0.001
0.052	0.632	0.171	0.145
0.797	0.001	0.201	0.001
>TCACCCTA	4-TCACCCTA	5.417898	-41.344995	0	T:471.0(21.44%),B:4855.2(14.47%),P:1e-17	Tpos:108.7,Tstd:58.7,Bpos:96.9,Bstd:92.4,StrandBias:-0.0,Multiplicity:1.10
0.047	0.036	0.037	0.880
0.209	0.567	0.125	0.099
0.777	0.053	0.043	0.127
0.058	0.769	0.123	0.050
0.060	0.717	0.148	0.075
0.064	0.814	0.058	0.064
0.099	0.077	0.028	0.796
0.689	0.077	0.066	0.168
>AGASAGAG	5-AGASAGAG	5.698314	-37.846628	0	T:671.0(30.54%),B:7646.5(22.80%),P:1e-16	Tpos:101.9,Tstd:56.5,Bpos:98.4,Bstd:113.0,StrandBias:0.0,Multiplicity:1.41
0.860	0.001	0.138	0.001
0.001	0.109	0.889	0.001
0.709	0.055	0.055	0.181
0.001	0.475	0.523	0.001
0.598	0.001	0.001	0.400
0.026	0.001	0.972	0.001
0.886	0.001	0.074	0.039
0.001	0.218	0.780	0.001
>TAGGCTAG	6-TAGGCTAG	4.612756	-31.079489	0	T:938.0(42.69%),B:11718.8(34.94%),P:1e-13	Tpos:99.5,Tstd:60.6,Bpos:98.1,Bstd:107.2,StrandBias:-0.0,Multiplicity:1.61
0.092	0.091	0.070	0.747
0.786	0.033	0.092	0.089
0.041	0.090	0.801	0.068
0.085	0.143	0.652	0.120
0.113	0.737	0.076	0.074
0.100	0.066	0.018	0.816
0.708	0.049	0.119	0.124
0.104	0.067	0.756	0.073
>GTCCGGTC	7-GTCCGGTC	6.302425	-29.336196	0	T:307.0(13.97%),B:3077.1(9.17%),P:1e-12	Tpos:100.1,Tstd:58.2,Bpos:101.7,Bstd:117.3,StrandBias:0.2,Multiplicity:1.12
0.255	0.001	0.743	0.001
0.062	0.110	0.001	0.827
0.070	0.693	0.236	0.001
0.001	0.683	0.293	0.023
0.312	0.001	0.556	0.131
0.094	0.001	0.899	0.006
0.089	0.109	0.010	0.792
0.001	0.619	0.367	0.013
>TTATCTAG	8-TTATCTAG	8.855369	-26.185318	0	T:63.0(2.87%),B:353.0(1.05%),P:1e-11	Tpos:92.9,Tstd:47.3,Bpos:99.1,Bstd:86.4,StrandBias:-0.4,Multiplicity:1.05
0.001	0.001	0.001	0.997
0.001	0.001	0.001	0.997
0.997	0.001	0.001	0.001
0.001	0.160	0.001	0.838
0.001	0.868	0.130	0.001
0.001	0.001	0.001	0.997
0.997	0.001	0.001	0.001
0.001	0.001	0.997	0.001
>CCCTACTA	9-CCCTACTA	10.714075	-24.652767	0	T:39.0(1.78%),B:164.2(0.49%),P:1e-10	Tpos:101.6,Tstd:64.1,Bpos:87.5,Bstd:73.3,StrandBias:-0.6,Multiplicity:1.06
0.001	0.997	0.001	0.001
0.001	0.997	0.001	0.001
0.001	0.997	0.001	0.001
0.001	0.001	0.001	0.997
0.701	0.001	0.001	0.297
0.001	0.997	0.001	0.001
0.001	0.001	0.001	0.997
0.997	0.001	0.001	0.001
>GTGTGTRT	10-GTGTGTRT	3.670738	-23.876354	0	T:878.0(39.96%),B:11177.4(33.32%),P:1e-10	Tpos:102.5,Tstd:59.5,Bpos:99.0,Bstd:107.2,StrandBias:0.0,Multiplicity:1.49
0.001	0.022	0.976	0.001
0.034	0.001	0.056	0.909
0.043	0.001	0.936	0.020
0.001	0.025	0.019	0.955
0.033	0.001	0.965	0.001
0.056	0.049	0.001	0.894
0.533	0.034	0.432	0.001
0.001	0.089	0.037	0.873
>ACAACAGT	11-ACAACAGT	7.352844	-20.118019	0	T:114.0(5.19%),B:955.8(2.85%),P:1e-8	Tpos:90.8,Tstd:52.1,Bpos:103.8,Bstd:90.3,StrandBias:0.4,Multiplicity:1.01
0.997	0.001	0.001	0.001
0.001	0.790	0.208	0.001
0.997	0.001	0.001	0.001
0.868	0.001	0.001	0.130
0.001	0.997	0.001	0.001
0.894	0.001	0.001	0.104
0.001	0.001	0.997	0.001
0.001	0.001	0.001	0.997
>CATCCAAC	12-CATCCAAC	10.718345	-19.781626	0	T:48.0(2.18%),B:274.5(0.82%),P:1e-8	Tpos:110.2,Tstd:46.5,Bpos:101.7,Bstd:73.8,StrandBias:-0.5,Multiplicity:1.00
0.294	0.704	0.001	0.001
0.997	0.001	0.001	0.001
0.001	0.001	0.001	0.997
0.001	0.997	0.001	0.001
0.001	0.997	0.001	0.001
0.997	0.001	0.001	0.001
0.997	0.001	0.001	0.001
0.001	0.997	0.001	0.001
>TCTAAGGT	13-TCTAAGGT	8.236954	-18.055423	0	T:27.0(1.23%),B:111.1(0.33%),P:1e-7	Tpos:96.3,Tstd:58.9,Bpos:77.5,Bstd:69.9,StrandBias:-0.1,Multiplicity:1.00
0.100	0.100	0.100	0.700
0.100	0.700	0.100	0.100
0.100	0.100	0.100	0.700
0.700	0.100	0.100	0.100
0.700	0.100	0.100	0.100
0.100	0.100	0.700	0.100
0.100	0.100	0.700	0.100
0.100	0.100	0.100	0.700
>ATTACTTA	14-ATTACTTA	9.179607	-16.058572	0	T:41.0(1.87%),B:244.2(0.73%),P:1e-6	Tpos:93.6,Tstd:31.2,Bpos:99.7,Bstd:75.0,StrandBias:0.2,Multiplicity:1.15
0.997	0.001	0.001	0.001
0.315	0.001	0.001	0.683
0.001	0.001	0.001	0.997
0.997	0.001	0.001	0.001
0.322	0.676	0.001	0.001
0.001	0.001	0.001	0.997
0.315	0.001	0.001	0.683
0.997	0.001	0.001	0.001
>TATTTCTA	15-TATTTCTA	8.236954	-16.015648	0	T:39.0(1.78%),B:226.2(0.67%),P:1e-6	Tpos:106.4,Tstd:42.0,Bpos:91.8,Bstd:66.7,StrandBias:0.1,Multiplicity:1.05
0.100	0.100	0.100	0.700
0.700	0.100	0.100	0.100
0.100	0.100	0.100	0.700
0.100	0.100	0.100	0.700
0.100	0.100	0.100	0.700
0.100	0.700	0.100	0.100
0.100	0.100	0.100	0.700
0.700	0.100	0.100	0.100
>TACTGAGG	16-TACTGAGG	8.236954	-15.571182	0	T:34.0(1.55%),B:185.2(0.55%),P:1e-6	Tpos:108.4,Tstd:68.2,Bpos:91.4,Bstd:90.8,StrandBias:-0.4,Multiplicity:1.00
0.100	0.100	0.100	0.700
0.700	0.100	0.100	0.100
0.100	0.700	0.100	0.100
0.100	0.100	0.100	0.700
0.100	0.100	0.700	0.100
0.700	0.100	0.100	0.100
0.100	0.100	0.700	0.100
0.100	0.100	0.700	0.100
>TAACGTCC	17-TAACGTCC	9.792779	-15.281588	0	T:42.0(1.91%),B:261.7(0.78%),P:1e-6	Tpos:97.9,Tstd:53.6,Bpos:95.3,Bstd:95.1,StrandBias:0.2,Multiplicity:1.00
0.001	0.001	0.001	0.997
0.997	0.001	0.001	0.001
0.997	0.001	0.001	0.001
0.001	0.997	0.001	0.001
0.279	0.001	0.719	0.001
0.001	0.001	0.001	0.997
0.001	0.997	0.001	0.001
0.001	0.997	0.001	0.001
>CAATTCAA	18-CAATTCAA	8.236954	-13.959728	0	T:42.0(1.91%),B:275.7(0.82%),P:1e-6	Tpos:110.1,Tstd:43.0,Bpos:103.4,Bstd:74.4,StrandBias:0.5,Multiplicity:1.10
0.100	0.700	0.100	0.100
0.700	0.100	0.100	0.100
0.700	0.100	0.100	0.100
0.100	0.100	0.100	0.700
0.100	0.100	0.100	0.700
0.100	0.700	0.100	0.100
0.700	0.100	0.100	0.100
0.700	0.100	0.100	0.100
>TCAAGTCA	19-TCAAGTCA	8.706904	-12.919682	0	T:40.0(1.82%),B:268.0(0.80%),P:1e-5	Tpos:93.7,Tstd:55.0,Bpos:107.1,Bstd:86.1,StrandBias:-0.2,Multiplicity:1.49
0.369	0.001	0.001	0.629
0.001	0.753	0.001	0.245
0.556	0.252	0.001	0.191
0.892	0.001	0.001	0.106
0.001	0.109	0.737	0.153
0.001	0.036	0.001	0.962
0.028	0.780	0.191	0.001
0.710	0.252	0.001	0.037
>CATCTCAT	20-CATCTCAT	6.552699	-10.202405	0	T:122.0(5.55%),B:1279.7(3.81%),P:1e-4	Tpos:91.4,Tstd:58.7,Bpos:99.3,Bstd:91.2,StrandBias:0.8,Multiplicity:1.19
0.001	0.997	0.001	0.001
0.871	0.127	0.001	0.001
0.001	0.001	0.001	0.997
0.001	0.890	0.108	0.001
0.001	0.001	0.001	0.997
0.001	0.887	0.001	0.111
0.997	0.001	0.001	0.001
0.001	0.108	0.001	0.890
>TTAKTATT	21-TTAKTATT	8.035899	-9.973439	0	T:67.0(3.05%),B:609.7(1.82%),P:1e-4	Tpos:105.5,Tstd:57.5,Bpos:102.3,Bstd:81.1,StrandBias:0.3,Multiplicity:1.13
0.123	0.001	0.001	0.875
0.331	0.124	0.001	0.544
0.997	0.001	0.001	0.001
0.001	0.197	0.433	0.369
0.004	0.001	0.013	0.982
0.561	0.013	0.198	0.228
0.001	0.255	0.004	0.740
0.073	0.001	0.001	0.925
