>AATTATAAGTCA	1-AATTATAAGTCA	12.355432	-91.269155	0	T:19.0(0.86%),B:1.7(0.01%),P:1e-39	Tpos:95.3,Tstd:88.6,Bpos:109.8,Bstd:18.8,StrandBias:0.2,Multiplicity:1.00
0.700	0.100	0.100	0.100
0.700	0.100	0.100	0.100
0.100	0.100	0.100	0.700
0.100	0.100	0.100	0.700
0.700	0.100	0.100	0.100
0.100	0.100	0.100	0.700
0.700	0.100	0.100	0.100
0.700	0.100	0.100	0.100
0.100	0.100	0.700	0.100
0.100	0.100	0.100	0.700
0.100	0.700	0.100	0.100
0.700	0.100	0.100	0.100
>AGTCAGAAGAAA	2-AGTCAGAAGAAA	12.355432	-91.269155	0	T:19.0(0.86%),B:2.0(0.01%),P:1e-39	Tpos:95.9,Tstd:76.7,Bpos:76.2,Bstd:16.4,StrandBias:0.2,Multiplicity:1.00
0.700	0.100	0.100	0.100
0.100	0.100	0.700	0.100
0.100	0.100	0.100	0.700
0.100	0.700	0.100	0.100
0.700	0.100	0.100	0.100
0.100	0.100	0.700	0.100
0.700	0.100	0.100	0.100
0.700	0.100	0.100	0.100
0.100	0.100	0.700	0.100
0.700	0.100	0.100	0.100
0.700	0.100	0.100	0.100
0.700	0.100	0.100	0.100
>GAGAACAACAGT	3-GAGAACAACAGT	12.355432	-78.161030	0	T:19.0(0.86%),B:2.6(0.01%),P:1e-33	Tpos:96.8,Tstd:59.7,Bpos:88.8,Bstd:21.6,StrandBias:0.2,Multiplicity:1.00
0.100	0.100	0.700	0.100
0.700	0.100	0.100	0.100
0.100	0.100	0.700	0.100
0.700	0.100	0.100	0.100
0.700	0.100	0.100	0.100
0.100	0.700	0.100	0.100
0.700	0.100	0.100	0.100
0.700	0.100	0.100	0.100
0.100	0.700	0.100	0.100
0.700	0.100	0.100	0.100
0.100	0.100	0.700	0.100
0.100	0.100	0.100	0.700
>CAGWSCAKMSCW	4-CAGWSCAKMSCW	5.003898	-69.104115	0	T:1088.0(49.52%),B:12569.4(37.47%),P:1e-30	Tpos:99.9,Tstd:58.3,Bpos:101.2,Bstd:109.2,StrandBias:-0.0,Multiplicity:1.38
0.043	0.856	0.036	0.065
0.759	0.040	0.001	0.200
0.181	0.239	0.463	0.116
0.343	0.171	0.177	0.309
0.084	0.497	0.349	0.070
0.187	0.672	0.012	0.129
0.601	0.005	0.001	0.393
0.101	0.120	0.360	0.418
0.295	0.379	0.198	0.129
0.102	0.365	0.428	0.105
0.076	0.855	0.034	0.035
0.390	0.177	0.029	0.404
>AACAATTCAATT	5-AACAATTCAATT	12.355432	-65.057860	0	T:20.0(0.91%),B:5.3(0.02%),P:1e-28	Tpos:97.6,Tstd:22.8,Bpos:99.8,Bstd:51.4,StrandBias:0.3,Multiplicity:1.00
0.700	0.100	0.100	0.100
0.700	0.100	0.100	0.100
0.100	0.700	0.100	0.100
0.700	0.100	0.100	0.100
0.700	0.100	0.100	0.100
0.100	0.100	0.100	0.700
0.100	0.100	0.100	0.700
0.100	0.700	0.100	0.100
0.700	0.100	0.100	0.100
0.700	0.100	0.100	0.100
0.100	0.100	0.100	0.700
0.100	0.100	0.100	0.700
>ATGGCATCCAAC	6-ATGGCATCCAAC	13.537205	-56.227993	0	T:23.0(1.05%),B:13.4(0.04%),P:1e-24	Tpos:110.3,Tstd:33.7,Bpos:99.4,Bstd:57.3,StrandBias:0.1,Multiplicity:1.00
0.997	0.001	0.001	0.001
0.001	0.049	0.001	0.949
0.001	0.001	0.997	0.001
0.001	0.001	0.997	0.001
0.001	0.997	0.001	0.001
0.997	0.001	0.001	0.001
0.049	0.001	0.001	0.949
0.001	0.997	0.001	0.001
0.001	0.997	0.001	0.001
0.997	0.001	0.001	0.001
0.997	0.001	0.001	0.001
0.001	0.997	0.001	0.001
>CCAACAGCTTCA	7-CCAACAGCTTCA	13.469350	-54.619403	0	T:22.0(1.00%),B:12.3(0.04%),P:1e-23	Tpos:95.2,Tstd:15.1,Bpos:105.5,Bstd:52.7,StrandBias:-0.3,Multiplicity:1.00
0.001	0.997	0.001	0.001
0.048	0.950	0.001	0.001
0.997	0.001	0.001	0.001
0.997	0.001	0.001	0.001
0.001	0.997	0.001	0.001
0.997	0.001	0.001	0.001
0.001	0.001	0.997	0.001
0.048	0.950	0.001	0.001
0.001	0.001	0.001	0.997
0.001	0.001	0.001	0.997
0.001	0.997	0.001	0.001
0.950	0.001	0.001	0.048
>NACTTAYYTAKC	8-NACTTAYYTAKC	8.175562	-50.843403	0	T:24.0(1.09%),B:19.5(0.06%),P:1e-22	Tpos:95.6,Tstd:42.1,Bpos:94.5,Bstd:58.1,StrandBias:0.1,Multiplicity:1.00
0.248	0.196	0.232	0.324
0.642	0.141	0.096	0.121
0.177	0.621	0.078	0.124
0.054	0.131	0.112	0.703
0.075	0.136	0.102	0.687
0.483	0.142	0.222	0.152
0.176	0.343	0.079	0.403
0.099	0.461	0.099	0.341
0.083	0.154	0.035	0.728
0.652	0.077	0.075	0.196
0.114	0.152	0.391	0.344
0.148	0.423	0.178	0.251
>CTRKACTATACT	9-CTRKACTATACT	5.617366	-50.795542	0	T:564.0(25.67%),B:5817.7(17.34%),P:1e-22	Tpos:98.9,Tstd:62.6,Bpos:98.8,Bstd:106.2,StrandBias:-0.1,Multiplicity:1.21
0.001	0.830	0.168	0.001
0.222	0.016	0.001	0.761
0.519	0.016	0.464	0.001
0.147	0.065	0.399	0.388
0.620	0.203	0.176	0.001
0.081	0.783	0.135	0.001
0.060	0.154	0.043	0.743
0.686	0.034	0.279	0.001
0.224	0.024	0.240	0.512
0.701	0.113	0.176	0.010
0.001	0.872	0.091	0.036
0.169	0.167	0.001	0.663
>TAGGACTGGATA	10-TAGGACTGGATA	9.907269	-43.650632	0	T:46.0(2.09%),B:128.9(0.38%),P:1e-18	Tpos:95.7,Tstd:69.8,Bpos:100.0,Bstd:64.3,StrandBias:0.1,Multiplicity:1.00
0.072	0.048	0.096	0.784
0.987	0.001	0.001	0.011
0.001	0.131	0.749	0.119
0.235	0.001	0.763	0.001
0.775	0.083	0.001	0.141
0.094	0.728	0.142	0.036
0.047	0.001	0.047	0.905
0.047	0.047	0.905	0.001
0.047	0.001	0.905	0.047
0.905	0.047	0.047	0.001
0.072	0.001	0.047	0.880
0.729	0.094	0.083	0.094
>ACATTATTTCTA	11-ACATTATTTCTA	13.884381	-42.865180	0	T:22.0(1.00%),B:21.9(0.07%),P:1e-18	Tpos:111.4,Tstd:41.1,Bpos:59.3,Bstd:79.2,StrandBias:0.0,Multiplicity:1.00
0.997	0.001	0.001	0.001
0.066	0.932	0.001	0.001
0.997	0.001	0.001	0.001
0.001	0.001	0.001	0.997
0.001	0.001	0.001	0.997
0.997	0.001	0.001	0.001
0.001	0.001	0.001	0.997
0.001	0.001	0.001	0.997
0.001	0.001	0.001	0.997
0.001	0.997	0.001	0.001
0.001	0.001	0.001	0.997
0.997	0.001	0.001	0.001
>SRATTAATTAAT	12-SRATTAATTAAT	15.052103	-42.473916	0	T:20.0(0.91%),B:16.9(0.05%),P:1e-18	Tpos:99.2,Tstd:8.9,Bpos:91.8,Bstd:43.1,StrandBias:0.3,Multiplicity:1.00
0.001	0.391	0.458	0.150
0.541	0.001	0.457	0.001
0.997	0.001	0.001	0.001
0.001	0.001	0.001	0.997
0.001	0.001	0.001	0.997
0.997	0.001	0.001	0.001
0.997	0.001	0.001	0.001
0.001	0.001	0.001	0.997
0.001	0.001	0.001	0.997
0.997	0.001	0.001	0.001
0.997	0.001	0.001	0.001
0.001	0.001	0.001	0.997
>CGATCCTGAGGA	13-CGATCCTGAGGA	10.640971	-34.789604	0	T:34.0(1.55%),B:88.0(0.26%),P:1e-15	Tpos:108.3,Tstd:68.1,Bpos:79.6,Bstd:66.1,StrandBias:0.1,Multiplicity:1.03
0.149	0.702	0.146	0.003
0.075	0.001	0.923	0.001
0.774	0.076	0.074	0.076
0.073	0.001	0.001	0.925
0.025	0.973	0.001	0.001
0.002	0.994	0.001	0.003
0.224	0.058	0.056	0.662
0.001	0.096	0.902	0.001
0.669	0.001	0.197	0.133
0.112	0.003	0.884	0.001
0.076	0.077	0.773	0.074
0.792	0.130	0.074	0.004
>GTAGAAGGGAMG	14-GTAGAAGGGAMG	10.602742	-34.295650	0	T:37.0(1.68%),B:107.1(0.32%),P:1e-14	Tpos:101.1,Tstd:57.4,Bpos:65.4,Bstd:73.4,StrandBias:0.1,Multiplicity:1.56
0.001	0.001	0.878	0.120
0.138	0.001	0.101	0.760
0.812	0.001	0.001	0.186
0.001	0.001	0.997	0.001
0.662	0.001	0.001	0.336
0.877	0.001	0.121	0.001
0.125	0.161	0.433	0.281
0.159	0.001	0.839	0.001
0.137	0.139	0.723	0.001
0.839	0.001	0.001	0.159
0.442	0.436	0.001	0.121
0.001	0.169	0.709	0.121
>GGACTGGATACA	15-GGACTGGATACA	6.778082	-27.629005	0	T:237.0(10.79%),B:2251.4(6.71%),P:1e-11	Tpos:90.8,Tstd:56.8,Bpos:95.3,Bstd:95.2,StrandBias:-0.1,Multiplicity:1.04
0.076	0.075	0.773	0.076
0.111	0.118	0.692	0.079
0.776	0.068	0.095	0.061
0.123	0.643	0.116	0.118
0.074	0.055	0.045	0.826
0.049	0.041	0.802	0.108
0.049	0.070	0.822	0.059
0.725	0.071	0.103	0.101
0.162	0.074	0.085	0.679
0.703	0.126	0.096	0.075
0.089	0.748	0.104	0.059
0.813	0.084	0.046	0.057
>AGTCTAGTCTAG	16-AGTCTAGTCTAG	4.694683	-24.403458	0	T:773.0(35.18%),B:9626.4(28.70%),P:1e-10	Tpos:97.9,Tstd:58.7,Bpos:97.9,Bstd:102.6,StrandBias:-0.0,Multiplicity:1.16
0.636	0.108	0.113	0.143
0.117	0.070	0.734	0.079
0.140	0.132	0.140	0.588
0.094	0.682	0.120	0.104
0.075	0.091	0.143	0.691
0.693	0.072	0.102	0.133
0.111	0.114	0.689	0.086
0.136	0.111	0.096	0.657
0.101	0.726	0.093	0.080
0.117	0.131	0.119	0.633
0.640	0.163	0.125	0.072
0.083	0.150	0.635	0.132
>GTCTGTCTGTCT	17-GTCTGTCTGTCT	5.752180	-23.400308	0	T:482.0(21.94%),B:5577.3(16.63%),P:1e-10	Tpos:94.6,Tstd:52.7,Bpos:100.1,Bstd:97.3,StrandBias:0.1,Multiplicity:1.09
0.105	0.084	0.675	0.136
0.088	0.063	0.084	0.765
0.067	0.596	0.126	0.211
0.056	0.001	0.042	0.901
0.084	0.147	0.717	0.052
0.084	0.063	0.021	0.832
0.063	0.761	0.042	0.134
0.077	0.021	0.105	0.797
0.021	0.084	0.738	0.157
0.126	0.147	0.084	0.643
0.063	0.811	0.021	0.105
0.077	0.042	0.105	0.776
>GTCTGTCTGTGT	18-GTCTGTCTGTGT	8.327266	-21.539134	0	T:145.0(6.60%),B:1284.9(3.83%),P:1e-9	Tpos:102.9,Tstd:56.9,Bpos:100.1,Bstd:109.2,StrandBias:-0.2,Multiplicity:1.12
0.013	0.056	0.863	0.068
0.055	0.060	0.017	0.868
0.047	0.639	0.269	0.045
0.006	0.011	0.001	0.982
0.036	0.059	0.866	0.039
0.019	0.043	0.040	0.898
0.064	0.645	0.276	0.015
0.052	0.008	0.043	0.897
0.039	0.081	0.841	0.039
0.045	0.018	0.033	0.904
0.090	0.096	0.721	0.093
0.024	0.048	0.050	0.878
>CTTTGGCTTAGG	19-CTTTGGCTTAGG	7.440821	-18.910310	0	T:188.0(8.56%),B:1862.3(5.55%),P:1e-8	Tpos:99.0,Tstd:57.8,Bpos:97.9,Bstd:129.1,StrandBias:0.2,Multiplicity:1.39
0.138	0.683	0.110	0.069
0.057	0.088	0.046	0.809
0.029	0.227	0.022	0.722
0.282	0.019	0.188	0.511
0.057	0.019	0.857	0.067
0.001	0.108	0.793	0.098
0.001	0.830	0.113	0.056
0.125	0.139	0.119	0.617
0.123	0.210	0.162	0.505
0.648	0.019	0.080	0.253
0.045	0.019	0.837	0.099
0.076	0.074	0.849	0.001
>CTCTCTCTCGCT	20-CTCTCTCTCGCT	9.024299	-15.576382	0	T:90.0(4.10%),B:765.0(2.28%),P:1e-6	Tpos:96.5,Tstd:54.7,Bpos:88.8,Bstd:111.3,StrandBias:0.3,Multiplicity:1.11
0.044	0.846	0.059	0.051
0.028	0.028	0.010	0.934
0.039	0.810	0.078	0.073
0.033	0.033	0.071	0.863
0.074	0.869	0.024	0.033
0.017	0.046	0.043	0.894
0.033	0.862	0.068	0.037
0.024	0.060	0.050	0.866
0.130	0.772	0.055	0.043
0.106	0.097	0.602	0.195
0.094	0.837	0.010	0.059
0.053	0.050	0.046	0.851
>TCGATCCATTTC	21-TCGATCCATTTC	8.720471	-13.676070	0	T:15.0(0.68%),B:48.7(0.15%),P:1e-5	Tpos:117.1,Tstd:32.7,Bpos:118.3,Bstd:42.1,StrandBias:1.1,Multiplicity:1.00
0.001	0.001	0.001	0.997
0.003	0.995	0.001	0.001
0.265	0.001	0.733	0.001
0.997	0.001	0.001	0.001
0.001	0.001	0.001	0.997
0.001	0.748	0.001	0.250
0.013	0.985	0.001	0.001
0.790	0.208	0.001	0.001
0.018	0.001	0.195	0.786
0.001	0.001	0.001	0.997
0.194	0.001	0.001	0.804
0.001	0.947	0.051	0.001
>CAACTCAACTCA	22-CAACTCAACTCA	10.539376	-13.427012	0	T:15.0(0.68%),B:49.5(0.15%),P:1e-5	Tpos:126.2,Tstd:58.1,Bpos:117.6,Bstd:107.8,StrandBias:1.6,Multiplicity:1.00
0.302	0.689	0.008	0.001
0.845	0.077	0.001	0.077
0.841	0.075	0.078	0.006
0.001	0.973	0.001	0.025
0.075	0.004	0.150	0.771
0.001	0.918	0.080	0.001
0.697	0.075	0.078	0.150
0.849	0.001	0.149	0.001
0.001	0.997	0.001	0.001
0.152	0.003	0.001	0.844
0.153	0.622	0.150	0.075
0.919	0.005	0.001	0.075
>AAWATAAAATAA	23-AAWATAAAATAA	13.137103	-5.677279	0	T:7.0(0.32%),B:29.6(0.09%),P:1e-2	Tpos:93.8,Tstd:62.0,Bpos:103.2,Bstd:49.9,StrandBias:-0.1,Multiplicity:1.67
0.916	0.001	0.082	0.001
0.997	0.001	0.001	0.001
0.488	0.001	0.001	0.510
0.997	0.001	0.001	0.001
0.001	0.001	0.001	0.997
0.997	0.001	0.001	0.001
0.997	0.001	0.001	0.001
0.799	0.001	0.001	0.199
0.997	0.001	0.001	0.001
0.083	0.083	0.001	0.833
0.997	0.001	0.001	0.001
0.997	0.001	0.001	0.001
>ATTATTATTATT	24-ATTATTATTATT	12.355432	-5.551997	0	T:9.0(0.41%),B:47.0(0.14%),P:1e-2	Tpos:105.3,Tstd:59.2,Bpos:115.1,Bstd:72.2,StrandBias:1.0,Multiplicity:1.00
0.700	0.100	0.100	0.100
0.100	0.100	0.100	0.700
0.100	0.100	0.100	0.700
0.700	0.100	0.100	0.100
0.100	0.100	0.100	0.700
0.100	0.100	0.100	0.700
0.700	0.100	0.100	0.100
0.100	0.100	0.100	0.700
0.100	0.100	0.100	0.700
0.700	0.100	0.100	0.100
0.100	0.100	0.100	0.700
0.100	0.100	0.100	0.700
>ATTAATTAATTA	25-ATTAATTAATTA	13.716807	-2.723603	0	T:3.0(0.14%),B:14.4(0.04%),P:1e-1	Tpos:91.5,Tstd:10.8,Bpos:89.8,Bstd:55.8,StrandBias:0.6,Multiplicity:1.50
0.997	0.001	0.001	0.001
0.067	0.001	0.001	0.931
0.088	0.001	0.001	0.910
0.997	0.001	0.001	0.001
0.997	0.001	0.001	0.001
0.001	0.001	0.001	0.997
0.001	0.001	0.001	0.997
0.997	0.001	0.001	0.001
0.997	0.001	0.001	0.001
0.001	0.088	0.001	0.910
0.001	0.001	0.001	0.997
0.997	0.001	0.001	0.001
